0,-,False,-,-,False,-,False,False,-,-,-,False
1,-,False,-,-,False,-,False,False,-,-,-,False
2,-,False,-,-,False,-,False,False,-,-,-,False
3,-,False,-,-,False,-,False,False,-,-,-,False
4,-,False,-,-,False,-,False,False,-,-,-,False
5,-,False,-,-,False,-,False,False,-,-,-,False
6,-,False,-,-,False,-,False,False,-,-,-,False
7,-,False,-,-,False,-,False,False,-,-,-,False
8,-,False,-,-,False,-,False,False,-,-,-,False
9,-,False,-,-,False,-,False,False,-,-,-,False
10,-,False,-,-,False,-,False,False,-,-,-,False
11,-,False,-,-,False,-,False,False,-,-,-,False
12,-,False,-,-,False,-,False,False,-,-,-,False
13,-,False,-,-,False,-,False,False,-,-,-,False
14,-,False,-,-,False,-,False,False,-,-,-,False
15,-,False,-,-,False,-,False,False,-,-,-,False
16,-,False,-,-,False,-,False,False,-,-,-,False
17,-,False,-,-,False,-,False,False,-,-,-,False
18,-,False,-,-,False,-,False,False,-,-,-,False
19,-,False,-,-,False,-,False,False,-,-,-,False
20,-,True,-,-,False,-,False,False,-,-,-,False
21,-,True,-,-,False,-,False,False,-,-,-,False
22,-,True,-,-,False,-,False,False,-,-,-,False
23,-,True,-,-,False,-,False,False,-,-,-,False
24,-,True,-,-,False,-,False,False,-,-,-,False
25,-,False,-,-,False,-,False,False,-,-,-,False
26,-,False,-,-,False,-,False,False,-,-,-,False
27,-,False,-,-,False,-,False,False,-,-,-,False
28,-,False,-,-,False,-,False,False,-,-,-,False
29,-,False,-,-,False,-,False,False,-,-,-,False
30,-,False,-,-,False,-,False,False,-,-,-,False
31,-,False,-,-,False,-,False,False,-,-,-,False
32,-,False,-,-,False,-,False,False,-,-,-,False
33,-,False,-,-,False,-,False,False,-,-,-,False
34,-,False,-,-,False,-,False,False,-,-,-,False
35,-,False,-,-,False,-,False,False,-,-,-,False
36,-,False,-,-,True,-,True,False,-,-,-,False
37,-,False,-,-,True,-,True,False,-,-,-,False
38,-,False,-,-,True,-,True,False,-,-,-,False
39,-,False,-,-,True,-,True,False,-,-,-,False
40,-,False,-,-,True,-,True,False,-,-,-,False
41,-,False,-,-,True,-,True,False,-,-,-,False
42,-,False,-,-,False,-,True,False,-,-,-,False
43,-,False,-,-,False,-,True,False,-,-,-,False
44,-,False,-,-,False,-,True,False,-,-,-,False
45,-,False,-,-,False,-,False,False,-,-,-,False
46,-,False,-,-,False,-,False,False,-,-,-,False
47,-,False,-,-,False,-,False,False,-,-,-,False
48,-,False,-,-,False,-,False,False,-,-,-,False
49,-,False,-,-,False,-,False,False,-,-,-,False
50,-,False,-,-,False,-,False,True,-,-,-,False
51,-,False,-,-,False,-,False,True,-,-,-,False
52,-,False,-,-,False,-,False,False,-,-,-,False
53,-,False,-,-,False,-,False,False,-,-,-,False
54,-,False,-,-,False,-,False,True,-,-,-,False
55,-,False,-,-,False,-,False,True,-,-,-,False
56,-,False,-,-,False,-,False,True,-,-,-,False
57,-,False,-,-,False,-,False,True,-,-,-,False
58,-,False,-,-,False,-,False,True,-,-,-,False
59,-,False,-,-,False,-,False,True,-,-,-,False
60,-,False,-,-,True,-,False,True,-,-,-,False
61,-,False,-,-,False,-,False,True,-,-,-,False
62,-,False,-,-,False,-,False,True,-,-,-,False
63,-,False,-,-,False,-,False,True,-,-,-,False
64,-,False,-,-,True,-,False,True,-,-,-,False
65,-,False,-,-,True,-,False,True,-,-,-,False
66,-,False,-,-,True,-,False,True,-,-,-,False
67,-,False,-,-,True,-,False,True,-,-,-,False
68,-,False,-,-,True,-,False,True,-,-,-,False
69,-,False,-,-,True,-,False,True,-,-,-,False
70,-,False,-,-,True,-,False,True,-,-,-,False
71,-,False,-,-,True,-,False,True,-,-,-,False
72,-,False,-,-,True,-,False,True,-,-,-,False
73,-,False,-,-,True,-,False,True,-,-,-,False
74,-,False,-,-,True,-,False,True,-,-,-,False
75,-,False,-,-,True,-,False,True,-,-,-,False
76,-,False,-,-,True,-,True,True,-,-,-,False
77,-,False,-,-,True,-,True,True,-,-,-,False
78,-,False,-,-,False,-,True,True,-,-,-,False
79,-,False,-,-,False,-,True,True,-,-,-,False
80,-,False,-,-,True,-,True,True,-,-,-,False
81,-,False,-,-,True,-,True,True,-,-,-,False
82,-,False,-,-,True,-,False,True,-,-,-,False
83,-,False,-,-,True,-,True,True,-,-,-,False
84,-,False,-,-,False,-,True,True,-,-,-,False
85,-,False,-,-,False,-,True,True,-,-,-,False
86,-,False,-,-,False,-,True,True,-,-,-,False
87,-,False,-,-,False,-,True,True,-,-,-,False
88,-,False,-,-,False,-,True,True,-,-,-,True
89,-,False,-,-,False,-,True,True,-,-,-,True
90,-,False,-,-,False,-,True,True,-,-,-,True
91,-,False,-,-,False,-,True,True,-,-,-,True
92,-,False,-,-,False,-,True,True,-,-,-,False
93,-,False,-,-,False,-,True,True,-,-,-,True
94,-,False,-,-,False,-,True,True,-,-,-,True
95,-,False,-,-,False,-,True,True,-,-,-,True
96,-,False,-,-,False,-,True,True,-,-,-,True
97,-,False,-,-,False,-,True,True,-,-,-,True
98,-,False,-,-,False,-,True,True,-,-,-,False
99,-,False,-,-,False,-,True,True,-,-,-,True
100,-,False,-,-,False,-,True,True,-,-,-,True
101,-,False,-,-,False,-,True,True,-,-,-,False
102,-,False,-,-,False,-,True,True,-,-,-,False
103,-,False,-,-,False,-,True,True,-,-,-,True
104,-,False,-,-,False,-,True,True,-,-,-,True
105,-,False,-,-,False,-,True,True,-,-,-,True
106,-,False,-,-,False,-,True,True,-,-,-,True
107,-,False,-,-,False,-,True,True,-,-,-,True
108,-,False,-,-,False,-,True,True,-,-,-,True
109,-,False,-,-,False,-,True,True,-,-,-,True
110,-,False,-,-,False,-,True,True,-,-,-,False
111,-,False,-,-,False,-,True,True,-,-,-,True
112,-,False,-,-,False,-,True,True,-,-,-,False
113,-,False,-,-,False,-,True,True,-,-,-,True
114,-,False,-,-,False,-,True,True,-,-,-,True
115,-,False,-,-,False,-,True,True,-,-,-,True
116,-,False,-,-,False,-,True,True,-,-,-,True
117,-,False,-,-,False,-,True,True,-,-,-,True
118,-,False,-,-,False,-,True,True,-,-,-,True
119,-,False,-,-,False,-,True,True,-,-,-,True
120,-,False,-,-,False,-,True,True,-,-,-,False
121,-,False,-,-,False,-,True,True,-,-,-,True
122,-,False,-,-,True,-,True,True,-,-,-,True
123,-,False,-,-,False,-,True,True,-,-,-,True
124,-,False,-,-,False,-,True,True,-,-,-,False
125,-,False,-,-,False,-,True,True,-,-,-,True
126,-,False,-,-,False,-,True,True,-,-,-,False
127,-,False,-,-,False,-,True,True,-,-,-,True
128,-,False,-,-,False,-,True,True,-,-,-,False
129,-,False,-,-,False,-,True,True,-,-,-,False
130,-,False,-,-,True,-,True,True,-,-,-,True
131,-,False,-,-,False,-,True,True,-,-,-,True
132,-,False,-,-,False,-,True,True,-,-,-,False
133,-,False,-,-,False,-,True,True,-,-,-,True
134,-,False,-,-,False,-,True,True,-,-,-,False
135,-,False,-,-,False,-,True,True,-,-,-,True
136,-,False,-,-,False,-,True,True,-,-,-,True
137,-,False,-,-,False,-,True,True,-,-,-,True
138,-,False,-,-,True,-,True,True,-,-,-,True
139,-,False,-,-,False,-,True,True,-,-,-,True
140,-,False,-,-,False,-,True,True,-,-,-,True
141,-,False,-,-,False,-,True,True,-,-,-,True
142,-,False,-,-,False,-,True,True,-,-,-,False
143,-,False,-,-,False,-,True,True,-,-,-,True
144,-,False,-,-,False,-,True,True,-,-,-,False
145,-,False,-,-,False,-,True,True,-,-,-,True
146,-,False,-,-,False,-,True,True,-,-,-,False
147,-,False,-,-,False,-,True,True,-,-,-,True
148,-,False,-,-,False,-,True,True,-,-,-,True
149,-,False,-,-,False,-,True,True,-,-,-,True
150,-,False,-,-,False,-,True,True,-,-,-,True
151,-,False,-,-,False,-,True,True,-,-,-,True
152,-,False,-,-,False,-,True,True,-,-,-,True
153,-,False,-,-,False,-,True,True,-,-,-,True
154,-,False,-,-,False,-,True,True,-,-,-,True
155,-,False,-,-,False,-,True,True,-,-,-,True
156,-,False,-,-,False,-,True,True,-,-,-,False
157,-,False,-,-,False,-,True,True,-,-,-,True
158,-,False,-,-,False,-,True,True,-,-,-,False
159,-,False,-,-,False,-,True,True,-,-,-,True
160,-,False,-,-,False,-,True,True,-,-,-,False
161,-,False,-,-,False,-,True,True,-,-,-,True
162,-,False,-,-,False,-,True,True,-,-,-,False
163,-,False,-,-,False,-,True,True,-,-,-,True
164,-,False,-,-,False,-,True,True,-,-,-,False
165,-,False,-,-,False,-,True,True,-,-,-,True
166,-,False,-,-,False,-,True,True,-,-,-,True
167,-,False,-,-,False,-,True,True,-,-,-,True
168,-,False,-,-,False,-,True,True,-,-,-,False
169,-,False,-,-,False,-,True,True,-,-,-,True
170,-,False,-,-,False,-,True,True,-,-,-,False
171,-,False,-,-,False,-,True,True,-,-,-,True
172,-,False,-,-,False,-,True,True,-,-,-,True
173,-,False,-,-,False,-,True,True,-,-,-,True
174,-,False,-,-,False,-,True,True,-,-,-,False
175,-,False,-,-,False,-,True,True,-,-,-,True
176,-,False,-,-,False,-,True,True,-,-,-,False
177,-,False,-,-,False,-,True,True,-,-,-,True
178,-,False,-,-,False,-,True,True,-,-,-,False
179,-,False,-,-,False,-,True,True,-,-,-,False
180,-,False,-,-,False,-,False,True,-,-,-,False
181,-,False,-,-,False,-,True,True,-,-,-,False
182,-,False,-,-,False,-,True,True,-,-,-,False
183,-,False,-,-,False,-,True,True,-,-,-,False
184,-,False,-,-,False,-,True,True,-,-,-,True
185,-,False,-,-,False,-,True,True,-,-,-,True
186,-,False,-,-,False,-,True,True,-,-,-,False
187,-,False,-,-,False,-,True,True,-,-,-,True
188,-,False,-,-,False,-,True,True,-,-,-,True
189,-,False,-,-,False,-,True,True,-,-,-,True
190,-,False,-,-,False,-,True,True,-,-,-,True
191,-,False,-,-,False,-,True,True,-,-,-,True
192,-,False,-,-,False,-,True,True,-,-,-,False
193,-,False,-,-,False,-,True,True,-,-,-,True
194,-,False,-,-,False,-,False,True,-,-,-,False
195,-,False,-,-,False,-,True,True,-,-,-,True
196,-,False,-,-,False,-,True,True,-,-,-,True
197,-,False,-,-,False,-,True,True,-,-,-,True
198,-,False,-,-,False,-,True,True,-,-,-,True
199,-,False,-,-,False,-,True,True,-,-,-,True
200,-,False,-,-,False,-,True,True,-,-,-,False
201,-,False,-,-,False,-,True,True,-,-,-,False
202,-,False,-,-,False,-,True,True,-,-,-,True
203,-,False,-,-,False,-,True,True,-,-,-,True
204,-,False,-,-,False,-,True,True,-,-,-,False
205,-,False,-,-,False,-,True,True,-,-,-,True
206,-,False,-,-,False,-,True,True,-,-,-,True
207,-,False,-,-,False,-,True,True,-,-,-,True
208,-,False,-,-,False,-,True,True,-,-,-,True
209,-,False,-,-,False,-,True,True,-,-,-,True
210,-,False,-,-,False,-,True,True,-,-,-,False
211,-,False,-,-,False,-,True,True,-,-,-,True
212,-,False,-,-,False,-,True,True,-,-,-,False
213,-,False,-,-,False,-,True,True,-,-,-,True
214,-,False,-,-,False,-,True,True,-,-,-,True
215,-,False,-,-,False,-,True,True,-,-,-,True
216,-,False,-,-,False,-,True,True,-,-,-,False
217,-,False,-,-,False,-,True,True,-,-,-,True
218,-,False,-,-,False,-,True,True,-,-,-,False
219,-,False,-,-,False,-,True,True,-,-,-,True
220,-,False,-,-,False,-,True,True,-,-,-,False
221,-,False,-,-,False,-,True,True,-,-,-,True
222,-,False,-,-,False,-,True,True,-,-,-,False
223,-,False,-,-,False,-,True,True,-,-,-,False
224,-,False,-,-,False,-,False,True,-,-,-,False
225,-,False,-,-,False,-,True,True,-,-,-,False
226,-,False,-,-,False,-,True,True,-,-,-,False
227,-,False,-,-,False,-,True,True,-,-,-,False
228,-,False,-,-,False,-,True,True,-,-,-,False
229,-,False,-,-,False,-,True,True,-,-,-,True
230,-,False,-,-,False,-,True,True,-,-,-,True
231,-,False,-,-,False,-,True,True,-,-,-,True
232,-,False,-,-,False,-,True,True,-,-,-,False
233,-,False,-,-,False,-,True,True,-,-,-,False
234,-,False,-,-,False,-,True,True,-,-,-,False
235,-,False,-,-,False,-,True,True,-,-,-,False
236,-,False,-,-,False,-,True,True,-,-,-,False
237,-,False,-,-,False,-,True,True,-,-,-,False
238,-,False,-,-,False,-,True,True,-,-,-,False
239,-,False,-,-,False,-,True,True,-,-,-,True
240,-,False,-,-,True,-,True,True,-,-,-,True
241,-,False,-,-,False,-,True,True,-,-,-,True
242,-,False,-,-,False,-,True,True,-,-,-,False
243,-,False,-,-,False,-,True,True,-,-,-,False
244,-,False,-,-,False,-,True,True,-,-,-,False
245,-,False,-,-,False,-,True,True,-,-,-,False
246,-,False,-,-,False,-,False,True,-,-,-,False
247,-,False,-,-,False,-,False,True,-,-,-,False
248,-,False,-,-,False,-,True,True,-,-,-,False
249,-,False,-,-,False,-,False,True,-,-,-,False
250,-,False,-,-,False,-,True,True,-,-,-,True
251,-,False,-,-,False,-,True,True,-,-,-,True
252,-,False,-,-,False,-,False,True,-,-,-,False
253,-,False,-,-,False,-,True,True,-,-,-,True
254,-,False,-,-,False,-,True,True,-,-,-,False
255,-,False,-,-,False,-,False,True,-,-,-,True
256,-,False,-,-,False,-,True,True,-,-,-,True
257,-,False,-,-,False,-,True,True,-,-,-,True
258,-,False,-,-,False,-,True,True,-,-,-,True
259,-,False,-,-,False,-,True,True,-,-,-,True
260,-,False,-,-,False,-,False,True,-,-,-,False
261,-,False,-,-,False,-,True,True,-,-,-,True
262,-,False,-,-,False,-,False,True,-,-,-,False
263,-,False,-,-,False,-,True,True,-,-,-,True
264,-,False,-,-,False,-,True,True,-,-,-,True
265,-,False,-,-,False,-,True,True,-,-,-,True
266,-,False,-,-,False,-,True,True,-,-,-,False
267,-,False,-,-,False,-,True,True,-,-,-,True
268,-,False,-,-,False,-,True,True,-,-,-,True
269,-,False,-,-,False,-,True,True,-,-,-,True
270,-,False,-,-,False,-,False,True,-,-,-,False
271,-,False,-,-,False,-,True,True,-,-,-,True
272,-,False,-,-,False,-,True,True,-,-,-,True
273,-,False,-,-,False,-,True,True,-,-,-,True
274,-,False,-,-,True,-,True,True,-,-,-,True
275,-,False,-,-,False,-,True,True,-,-,-,True
276,-,False,-,-,False,-,True,True,-,-,-,False
277,-,False,-,-,False,-,True,True,-,-,-,False
278,-,False,-,-,False,-,True,True,-,-,-,False
279,-,False,-,-,False,-,True,True,-,-,-,False
280,-,False,-,-,True,-,True,True,-,-,-,False
281,-,False,-,-,False,-,True,True,-,-,-,False
282,-,False,-,-,False,-,True,True,-,-,-,False
283,-,False,-,-,False,-,True,True,-,-,-,False
284,-,False,-,-,False,-,True,True,-,-,-,True
285,-,False,-,-,False,-,True,True,-,-,-,True
286,-,False,-,-,False,-,False,True,-,-,-,False
287,-,False,-,-,False,-,True,True,-,-,-,True
288,-,False,-,-,True,-,True,True,-,-,-,True
289,-,False,-,-,False,-,True,True,-,-,-,True
290,-,False,-,-,True,-,True,True,-,-,-,False
291,-,False,-,-,False,-,True,True,-,-,-,True
292,-,False,-,-,False,-,True,True,-,-,-,True
293,-,False,-,-,False,-,True,True,-,-,-,True
294,-,False,-,-,False,-,True,True,-,-,-,False
295,-,False,-,-,False,-,True,True,-,-,-,True
296,-,False,-,-,True,-,True,True,-,-,-,False
297,-,False,-,-,False,-,True,True,-,-,-,True
298,-,False,-,-,False,-,False,True,-,-,-,False
299,-,False,-,-,False,-,True,True,-,-,-,True
300,-,False,-,-,False,-,False,True,-,-,-,False
301,-,False,-,-,False,-,True,True,-,-,-,True
302,-,False,-,-,False,-,False,True,-,-,-,False
303,-,False,-,-,False,-,False,True,-,-,-,False
304,-,False,-,-,False,-,False,True,-,-,-,True
305,-,False,-,-,False,-,False,True,-,-,-,True
306,-,False,-,-,True,-,True,True,-,-,-,False
307,-,False,-,-,False,-,True,True,-,-,-,True
308,-,False,-,-,False,-,True,True,-,-,-,False
309,-,False,-,-,False,-,True,True,-,-,-,True
310,-,False,-,-,False,-,True,True,-,-,-,False
311,-,False,-,-,False,-,True,True,-,-,-,True
312,-,False,-,-,False,-,True,True,-,-,-,False
313,-,False,-,-,False,-,True,True,-,-,-,True
314,-,False,-,-,False,-,True,True,-,-,-,False
315,-,False,-,-,False,-,True,True,-,-,-,False
316,-,False,-,-,False,-,True,True,-,-,-,False
317,-,False,-,-,False,-,True,True,-,-,-,False
318,-,False,-,-,True,-,True,True,-,-,-,True
319,-,False,-,-,False,-,True,True,-,-,-,True
320,-,False,-,-,False,-,True,True,-,-,-,True
321,-,False,-,-,False,-,True,True,-,-,-,True
322,-,False,-,-,False,-,True,True,-,-,-,False
323,-,False,-,-,False,-,True,True,-,-,-,False
324,-,False,-,-,False,-,True,True,-,-,-,True
325,-,False,-,-,False,-,True,True,-,-,-,True
326,-,False,-,-,True,-,True,True,-,-,-,False
327,-,False,-,-,False,-,True,True,-,-,-,False
328,-,False,-,-,True,-,True,True,-,-,-,True
329,-,False,-,-,False,-,True,True,-,-,-,True
330,-,False,-,-,True,-,True,True,-,-,-,False
331,-,False,-,-,False,-,True,True,-,-,-,True
332,-,False,-,-,False,-,True,True,-,-,-,False
333,-,False,-,-,False,-,True,True,-,-,-,False
334,-,False,-,-,False,-,True,True,-,-,-,False
335,-,False,-,-,False,-,True,True,-,-,-,False
336,-,False,-,-,False,-,False,True,-,-,-,True
337,-,False,-,-,False,-,True,True,-,-,-,True
338,-,False,-,-,False,-,True,True,-,-,-,True
339,-,False,-,-,False,-,True,True,-,-,-,True
340,-,False,-,-,False,-,True,True,-,-,-,False
341,-,False,-,-,False,-,True,True,-,-,-,True
342,-,False,-,-,True,-,True,True,-,-,-,False
343,-,False,-,-,False,-,False,True,-,-,-,True
344,-,False,-,-,True,-,False,True,-,-,-,False
345,-,False,-,-,False,-,False,True,-,-,-,False
346,-,False,-,-,False,-,True,True,-,-,-,True
347,-,False,-,-,False,-,True,True,-,-,-,False
348,-,False,-,-,True,-,True,True,-,-,-,True
349,-,False,-,-,False,-,True,True,-,-,-,True
350,-,False,-,-,False,-,True,True,-,-,-,False
351,-,False,-,-,False,-,True,True,-,-,-,True
352,-,False,-,-,False,-,True,True,-,-,-,False
353,-,False,-,-,False,-,True,True,-,-,-,True
354,-,False,-,-,False,-,True,True,-,-,-,False
355,-,False,-,-,False,-,True,True,-,-,-,True
356,-,False,-,-,False,-,False,True,-,-,-,False
357,-,False,-,-,False,-,True,True,-,-,-,True
358,-,False,-,-,False,-,True,True,-,-,-,False
359,-,False,-,-,False,-,True,True,-,-,-,True
360,-,False,-,-,False,-,False,True,-,-,-,False
361,-,False,-,-,False,-,True,True,-,-,-,True
362,-,False,-,-,False,-,True,True,-,-,-,False
363,-,False,-,-,False,-,True,True,-,-,-,True
364,-,False,-,-,True,-,True,True,-,-,-,False
365,-,False,-,-,False,-,True,True,-,-,-,True
366,-,False,-,-,False,-,True,True,-,-,-,False
367,-,False,-,-,False,-,True,True,-,-,-,True
368,-,False,-,-,False,-,True,True,-,-,-,False
369,-,False,-,-,False,-,True,True,-,-,-,True
370,-,False,-,-,False,-,True,True,-,-,-,False
371,-,False,-,-,False,-,True,True,-,-,-,True
372,-,False,-,-,False,-,True,True,-,-,-,False
373,-,False,-,-,False,-,True,True,-,-,-,True
374,-,False,-,-,False,-,False,True,-,-,-,False
375,-,False,-,-,False,-,True,True,-,-,-,True
376,-,False,-,-,False,-,True,True,-,-,-,True
377,-,False,-,-,False,-,True,True,-,-,-,True
378,-,False,-,-,True,-,True,True,-,-,-,False
379,-,False,-,-,False,-,True,True,-,-,-,True
380,-,False,-,-,False,-,True,True,-,-,-,False
381,-,False,-,-,False,-,True,True,-,-,-,True
382,-,False,-,-,False,-,True,True,-,-,-,True
383,-,False,-,-,False,-,True,True,-,-,-,True
384,-,False,-,-,False,-,True,True,-,-,-,False
385,-,False,-,-,False,-,True,True,-,-,-,True
386,-,False,-,-,False,-,True,True,-,-,-,False
387,-,False,-,-,False,-,True,True,-,-,-,True
388,-,False,-,-,True,-,True,True,-,-,-,False
389,-,False,-,-,False,-,True,True,-,-,-,True
390,-,False,-,-,False,-,True,True,-,-,-,True
391,-,False,-,-,False,-,True,True,-,-,-,True
392,-,False,-,-,False,-,True,True,-,-,-,True
393,-,False,-,-,False,-,True,True,-,-,-,True
394,-,False,-,-,True,-,True,True,-,-,-,False
395,-,False,-,-,False,-,True,True,-,-,-,False
396,-,False,-,-,False,-,True,True,-,-,-,True
397,-,False,-,-,False,-,True,True,-,-,-,True
398,-,False,-,-,True,-,True,True,-,-,-,True
399,-,False,-,-,False,-,True,True,-,-,-,True
400,-,False,-,-,True,-,True,True,-,-,-,False
401,-,False,-,-,False,-,True,True,-,-,-,True
402,-,False,-,-,False,-,True,True,-,-,-,False
403,-,False,-,-,False,-,True,True,-,-,-,True
404,-,False,-,-,True,-,True,True,-,-,-,True
405,-,False,-,-,False,-,True,True,-,-,-,True
406,-,False,-,-,False,-,True,True,-,-,-,False
407,-,False,-,-,False,-,True,True,-,-,-,True
408,-,False,-,-,True,-,True,True,-,-,-,True
409,-,False,-,-,False,-,True,True,-,-,-,True
410,-,False,-,-,True,-,True,True,-,-,-,True
411,-,False,-,-,False,-,True,True,-,-,-,True
412,-,False,-,-,False,-,True,True,-,-,-,True
413,-,False,-,-,False,-,True,True,-,-,-,True
414,-,False,-,-,False,-,True,True,-,-,-,False
415,-,False,-,-,False,-,True,True,-,-,-,True
416,-,False,-,-,False,-,True,True,-,-,-,True
417,-,False,-,-,False,-,True,True,-,-,-,True
418,-,False,-,-,False,-,True,True,-,-,-,True
419,-,False,-,-,False,-,True,True,-,-,-,True
420,-,False,-,-,False,-,True,True,-,-,-,True
421,-,False,-,-,False,-,True,True,-,-,-,True
422,-,False,-,-,False,-,True,True,-,-,-,False
423,-,False,-,-,False,-,True,True,-,-,-,True
424,-,False,-,-,False,-,True,True,-,-,-,True
425,-,False,-,-,False,-,True,True,-,-,-,True
426,-,False,-,-,True,-,True,True,-,-,-,True
427,-,False,-,-,False,-,True,True,-,-,-,True
428,-,False,-,-,False,-,True,True,-,-,-,True
429,-,False,-,-,False,-,True,True,-,-,-,True
430,-,False,-,-,False,-,True,True,-,-,-,True
431,-,False,-,-,False,-,True,True,-,-,-,True
432,-,False,-,-,False,-,True,True,-,-,-,True
433,-,False,-,-,False,-,True,True,-,-,-,True
434,-,False,-,-,False,-,True,True,-,-,-,False
435,-,False,-,-,False,-,True,True,-,-,-,True
436,-,False,-,-,False,-,True,True,-,-,-,True
437,-,False,-,-,False,-,True,True,-,-,-,True
438,-,False,-,-,False,-,True,True,-,-,-,True
439,-,False,-,-,False,-,True,True,-,-,-,True
440,-,False,-,-,False,-,True,True,-,-,-,False
441,-,False,-,-,False,-,True,True,-,-,-,True
442,-,False,-,-,False,-,True,True,-,-,-,True
443,-,False,-,-,False,-,True,True,-,-,-,True
444,-,False,-,-,False,-,True,True,-,-,-,False
445,-,False,-,-,False,-,True,True,-,-,-,True
446,-,False,-,-,False,-,True,True,-,-,-,False
447,-,False,-,-,False,-,True,True,-,-,-,False
448,-,False,-,-,False,-,True,True,-,-,-,True
449,-,False,-,-,False,-,True,True,-,-,-,False
450,-,False,-,-,False,-,True,True,-,-,-,True
451,-,False,-,-,False,-,True,True,-,-,-,True
452,-,False,-,-,False,-,True,True,-,-,-,True
453,-,False,-,-,False,-,True,True,-,-,-,True
454,-,False,-,-,False,-,True,True,-,-,-,False
455,-,False,-,-,False,-,True,True,-,-,-,True
456,-,False,-,-,False,-,True,True,-,-,-,False
457,-,False,-,-,False,-,True,True,-,-,-,True
458,-,False,-,-,False,-,True,True,-,-,-,False
459,-,False,-,-,False,-,True,True,-,-,-,True
460,-,False,-,-,False,-,True,True,-,-,-,True
461,-,False,-,-,False,-,True,True,-,-,-,True
462,-,False,-,-,False,-,True,True,-,-,-,False
463,-,False,-,-,False,-,True,True,-,-,-,True
464,-,False,-,-,False,-,True,True,-,-,-,False
465,-,False,-,-,False,-,True,True,-,-,-,True
466,-,False,-,-,False,-,True,True,-,-,-,True
467,-,False,-,-,False,-,True,True,-,-,-,True
468,-,False,-,-,False,-,True,True,-,-,-,False
469,-,False,-,-,False,-,True,True,-,-,-,True
470,-,False,-,-,False,-,True,True,-,-,-,False
471,-,False,-,-,False,-,True,True,-,-,-,True
472,-,False,-,-,False,-,True,True,-,-,-,False
473,-,False,-,-,False,-,True,True,-,-,-,True
474,-,False,-,-,False,-,True,True,-,-,-,False
475,-,False,-,-,False,-,True,True,-,-,-,True
476,-,False,-,-,False,-,False,True,-,-,-,False
477,-,False,-,-,False,-,True,True,-,-,-,True
478,-,False,-,-,False,-,True,True,-,-,-,False
479,-,False,-,-,False,-,True,True,-,-,-,True
480,-,False,-,-,False,-,False,True,-,-,-,False
481,-,False,-,-,False,-,True,True,-,-,-,True
482,-,False,-,-,False,-,True,True,-,-,-,True
483,-,False,-,-,False,-,True,True,-,-,-,True
484,-,False,-,-,False,-,True,True,-,-,-,False
485,-,False,-,-,False,-,True,True,-,-,-,True
486,-,False,-,-,False,-,True,True,-,-,-,False
487,-,False,-,-,False,-,True,True,-,-,-,True
488,-,False,-,-,False,-,True,True,-,-,-,False
489,-,False,-,-,False,-,True,True,-,-,-,True
490,-,False,-,-,False,-,True,True,-,-,-,False
491,-,False,-,-,False,-,True,True,-,-,-,True
492,-,False,-,-,False,-,False,True,-,-,-,False
493,-,False,-,-,False,-,True,True,-,-,-,True
494,-,False,-,-,False,-,False,True,-,-,-,False
495,-,False,-,-,False,-,True,True,-,-,-,True
496,-,False,-,-,False,-,True,True,-,-,-,False
497,-,False,-,-,False,-,True,True,-,-,-,True
498,-,False,-,-,False,-,True,True,-,-,-,True
499,-,False,-,-,False,-,True,True,-,-,-,True
500,-,False,-,-,False,-,False,True,-,-,-,False
501,-,False,-,-,False,-,True,True,-,-,-,True
502,-,False,-,-,True,-,True,True,-,-,-,True
503,-,False,-,-,False,-,True,True,-,-,-,True
504,-,False,-,-,False,-,True,True,-,-,-,True
505,-,False,-,-,False,-,True,True,-,-,-,True
506,-,False,-,-,False,-,True,True,-,-,-,False
507,-,False,-,-,True,-,True,True,-,-,-,True
508,-,False,-,-,False,-,True,True,-,-,-,False
509,-,False,-,-,True,-,True,True,-,-,-,True
510,-,False,-,-,True,-,True,True,-,-,-,False
511,-,False,-,-,True,-,True,True,-,-,-,True
512,-,False,-,-,False,-,True,True,-,-,-,False
513,-,False,-,-,False,-,True,True,-,-,-,True
514,-,False,-,-,True,-,True,True,-,-,-,False
515,-,False,-,-,False,-,True,True,-,-,-,True
516,-,False,-,-,True,-,True,True,-,-,-,True
517,-,False,-,-,False,-,True,True,-,-,-,True
518,-,False,-,-,True,-,True,True,-,-,-,True
519,-,False,-,-,False,-,True,True,-,-,-,True
520,-,False,-,-,True,-,True,True,-,-,-,False
521,-,False,-,-,True,-,True,True,-,-,-,True
522,-,False,-,-,False,-,True,True,-,-,-,False
523,-,False,-,-,True,-,True,True,-,-,-,True
524,-,False,-,-,True,-,True,True,-,-,-,True
525,-,False,-,-,True,-,True,True,-,-,-,True
526,-,False,-,-,False,-,False,True,-,-,-,False
527,-,False,-,-,True,-,True,True,-,-,-,True
528,-,False,-,-,True,-,True,True,-,-,-,False
529,-,False,-,-,True,-,True,True,-,-,-,True
530,-,False,-,-,True,-,True,True,-,-,-,True
531,-,False,-,-,False,-,True,True,-,-,-,True
532,-,False,-,-,False,-,True,True,-,-,-,False
533,-,False,-,-,True,-,True,True,-,-,-,True
534,-,False,-,-,False,-,True,True,-,-,-,False
535,-,False,-,-,True,-,True,True,-,-,-,True
536,-,False,-,-,False,-,True,True,-,-,-,True
537,-,False,-,-,False,-,True,True,-,-,-,True
538,-,False,-,-,True,-,True,True,-,-,-,False
539,-,False,-,-,True,-,True,True,-,-,-,True
540,-,False,-,-,False,-,True,True,-,-,-,False
541,-,False,-,-,False,-,True,True,-,-,-,True
542,-,False,-,-,False,-,True,True,-,-,-,False
543,-,False,-,-,False,-,True,True,-,-,-,True
544,-,False,-,-,False,-,True,True,-,-,-,False
545,-,False,-,-,False,-,True,True,-,-,-,True
546,-,False,-,-,False,-,True,True,-,-,-,True
547,-,False,-,-,False,-,True,True,-,-,-,True
548,-,False,-,-,False,-,True,True,-,-,-,False
549,-,False,-,-,False,-,True,True,-,-,-,True
550,-,False,-,-,False,-,True,True,-,-,-,True
551,-,False,-,-,False,-,True,True,-,-,-,True
552,-,False,-,-,False,-,True,True,-,-,-,False
553,-,False,-,-,False,-,True,True,-,-,-,True
554,-,False,-,-,False,-,True,True,-,-,-,False
555,-,False,-,-,False,-,True,True,-,-,-,False
556,-,False,-,-,False,-,True,True,-,-,-,True
557,-,False,-,-,False,-,True,True,-,-,-,True
558,-,False,-,-,False,-,True,True,-,-,-,True
559,-,False,-,-,False,-,True,True,-,-,-,True
560,-,False,-,-,False,-,True,True,-,-,-,False
561,-,False,-,-,False,-,True,True,-,-,-,True
562,-,False,-,-,False,-,True,True,-,-,-,False
563,-,False,-,-,False,-,True,True,-,-,-,True
564,-,False,-,-,False,-,True,True,-,-,-,True
565,-,False,-,-,False,-,True,True,-,-,-,True
566,-,False,-,-,False,-,True,True,-,-,-,False
567,-,False,-,-,False,-,True,True,-,-,-,True
568,-,False,-,-,True,-,True,True,-,-,-,True
569,-,False,-,-,False,-,True,True,-,-,-,True
570,-,False,-,-,False,-,True,True,-,-,-,False
571,-,False,-,-,False,-,True,True,-,-,-,True
572,-,False,-,-,False,-,True,True,-,-,-,False
573,-,False,-,-,False,-,True,True,-,-,-,False
574,-,False,-,-,False,-,True,True,-,-,-,True
575,-,False,-,-,False,-,True,True,-,-,-,True
576,-,False,-,-,False,-,True,True,-,-,-,True
577,-,False,-,-,False,-,True,True,-,-,-,True
578,-,False,-,-,False,-,True,True,-,-,-,True
579,-,False,-,-,False,-,True,True,-,-,-,True
580,-,False,-,-,False,-,True,True,-,-,-,False
581,-,False,-,-,False,-,True,True,-,-,-,True
582,-,False,-,-,False,-,True,True,-,-,-,True
583,-,False,-,-,False,-,True,True,-,-,-,True
584,-,False,-,-,False,-,True,True,-,-,-,True
585,-,False,-,-,False,-,True,True,-,-,-,True
586,-,False,-,-,False,-,True,True,-,-,-,True
587,-,False,-,-,False,-,True,True,-,-,-,True
588,-,False,-,-,True,-,True,True,-,-,-,True
589,-,False,-,-,False,-,True,True,-,-,-,True
590,-,False,-,-,True,-,True,True,-,-,-,True
591,-,False,-,-,False,-,True,True,-,-,-,True
592,-,False,-,-,True,-,True,True,-,-,-,False
593,-,False,-,-,False,-,True,True,-,-,-,True
594,-,False,-,-,False,-,True,True,-,-,-,True
595,-,False,-,-,False,-,True,True,-,-,-,True
596,-,False,-,-,True,-,True,True,-,-,-,False
597,-,False,-,-,False,-,True,True,-,-,-,True
598,-,False,-,-,False,-,True,True,-,-,-,False
599,-,False,-,-,False,-,True,True,-,-,-,True
600,-,False,-,-,False,-,True,True,-,-,-,False
601,-,False,-,-,False,-,True,True,-,-,-,True
602,-,False,-,-,False,-,True,True,-,-,-,False
603,-,False,-,-,False,-,True,True,-,-,-,True
604,-,False,-,-,False,-,True,True,-,-,-,False
605,-,False,-,-,False,-,True,True,-,-,-,True
606,-,False,-,-,True,-,True,True,-,-,-,False
607,-,False,-,-,False,-,True,True,-,-,-,True
608,-,False,-,-,True,-,True,True,-,-,-,False
609,-,False,-,-,True,-,True,True,-,-,-,True
610,-,False,-,-,True,-,True,True,-,-,-,False
611,-,False,-,-,True,-,True,True,-,-,-,True
612,-,False,-,-,False,-,True,True,-,-,-,False
613,-,False,-,-,False,-,True,True,-,-,-,True
614,-,False,-,-,True,-,True,True,-,-,-,False
615,-,False,-,-,False,-,True,True,-,-,-,True
616,-,False,-,-,False,-,True,True,-,-,-,False
617,-,False,-,-,False,-,True,True,-,-,-,True
618,-,False,-,-,True,-,True,True,-,-,-,False
619,-,False,-,-,False,-,True,True,-,-,-,True
620,-,False,-,-,False,-,True,True,-,-,-,False
621,-,False,-,-,False,-,True,True,-,-,-,True
622,-,False,-,-,False,-,True,True,-,-,-,False
623,-,False,-,-,False,-,True,True,-,-,-,False
624,-,False,-,-,False,-,True,True,-,-,-,False
625,-,False,-,-,False,-,True,True,-,-,-,False
626,-,False,-,-,False,-,True,True,-,-,-,True
627,-,False,-,-,False,-,True,True,-,-,-,True
628,-,False,-,-,False,-,True,True,-,-,-,False
629,-,False,-,-,False,-,True,True,-,-,-,True
630,-,False,-,-,False,-,True,True,-,-,-,True
631,-,False,-,-,False,-,True,True,-,-,-,False
632,-,False,-,-,False,-,True,True,-,-,-,True
633,-,False,-,-,False,-,True,True,-,-,-,True
634,-,False,-,-,False,-,True,True,-,-,-,False
635,-,False,-,-,False,-,True,True,-,-,-,True
636,-,False,-,-,False,-,True,True,-,-,-,False
637,-,False,-,-,False,-,True,True,-,-,-,True
638,-,False,-,-,False,-,True,True,-,-,-,False
639,-,False,-,-,False,-,True,True,-,-,-,True
640,-,False,-,-,True,-,True,True,-,-,-,False
641,-,False,-,-,False,-,True,True,-,-,-,True
642,-,False,-,-,False,-,True,True,-,-,-,False
643,-,False,-,-,False,-,True,True,-,-,-,True
644,-,False,-,-,False,-,True,True,-,-,-,True
645,-,False,-,-,False,-,True,True,-,-,-,True
646,-,False,-,-,False,-,True,True,-,-,-,True
647,-,False,-,-,False,-,True,True,-,-,-,True
648,-,False,-,-,False,-,True,True,-,-,-,False
649,-,False,-,-,False,-,True,True,-,-,-,True
650,-,False,-,-,False,-,True,True,-,-,-,False
651,-,False,-,-,False,-,True,True,-,-,-,False
652,-,False,-,-,False,-,True,True,-,-,-,False
653,-,False,-,-,False,-,True,True,-,-,-,False
654,-,False,-,-,False,-,True,True,-,-,-,False
655,-,False,-,-,False,-,True,True,-,-,-,False
656,-,False,-,-,False,-,True,True,-,-,-,True
657,-,False,-,-,False,-,True,True,-,-,-,False
658,-,False,-,-,False,-,True,True,-,-,-,True
659,-,False,-,-,False,-,True,True,-,-,-,False
660,-,False,-,-,False,-,True,True,-,-,-,True
661,-,False,-,-,False,-,True,True,-,-,-,False
662,-,False,-,-,False,-,True,True,-,-,-,False
663,-,False,-,-,False,-,True,True,-,-,-,True
664,-,False,-,-,False,-,True,True,-,-,-,True
665,-,False,-,-,False,-,True,True,-,-,-,False
666,-,False,-,-,False,-,True,True,-,-,-,False
667,-,False,-,-,False,-,True,True,-,-,-,False
668,-,False,-,-,False,-,True,True,-,-,-,False
669,-,False,-,-,False,-,True,True,-,-,-,True
670,-,False,-,-,False,-,True,True,-,-,-,False
671,-,False,-,-,False,-,True,True,-,-,-,True
672,-,False,-,-,False,-,True,True,-,-,-,True
673,-,False,-,-,False,-,True,True,-,-,-,True
674,-,False,-,-,False,-,True,True,-,-,-,True
675,-,False,-,-,False,-,True,True,-,-,-,True
676,-,False,-,-,False,-,True,True,-,-,-,True
677,-,False,-,-,False,-,True,True,-,-,-,True
678,-,False,-,-,False,-,True,True,-,-,-,False
679,-,False,-,-,False,-,True,True,-,-,-,True
680,-,False,-,-,False,-,True,True,-,-,-,False
681,-,False,-,-,False,-,True,True,-,-,-,True
682,-,False,-,-,False,-,True,True,-,-,-,False
683,-,False,-,-,False,-,True,True,-,-,-,False
684,-,False,-,-,False,-,True,True,-,-,-,True
685,-,False,-,-,False,-,True,True,-,-,-,False
686,-,False,-,-,False,-,True,True,-,-,-,False
687,-,False,-,-,False,-,True,True,-,-,-,False
688,-,False,-,-,False,-,True,True,-,-,-,True
689,-,False,-,-,False,-,True,True,-,-,-,True
690,-,False,-,-,False,-,True,True,-,-,-,False
691,-,False,-,-,False,-,True,True,-,-,-,True
692,-,False,-,-,False,-,True,True,-,-,-,True
693,-,False,-,-,False,-,True,True,-,-,-,True
694,-,False,-,-,False,-,True,True,-,-,-,True
695,-,False,-,-,False,-,True,True,-,-,-,True
696,-,False,-,-,False,-,True,True,-,-,-,False
697,-,False,-,-,False,-,True,True,-,-,-,True
698,-,False,-,-,False,-,True,True,-,-,-,False
699,-,False,-,-,False,-,True,True,-,-,-,True
700,-,False,-,-,False,-,True,True,-,-,-,True
701,-,False,-,-,False,-,True,True,-,-,-,True
702,-,False,-,-,False,-,True,True,-,-,-,False
703,-,False,-,-,False,-,True,True,-,-,-,True
704,-,False,-,-,False,-,True,True,-,-,-,True
705,-,False,-,-,False,-,True,True,-,-,-,True
706,-,False,-,-,False,-,True,True,-,-,-,True
707,-,False,-,-,False,-,True,True,-,-,-,True
708,-,False,-,-,False,-,True,True,-,-,-,False
709,-,False,-,-,False,-,True,True,-,-,-,True
710,-,False,-,-,False,-,True,True,-,-,-,True
711,-,False,-,-,False,-,True,True,-,-,-,True
712,-,False,-,-,False,-,True,True,-,-,-,True
713,-,False,-,-,False,-,True,True,-,-,-,True
714,-,False,-,-,False,-,True,True,-,-,-,False
715,-,False,-,-,False,-,True,True,-,-,-,True
716,-,False,-,-,False,-,True,True,-,-,-,True
717,-,False,-,-,False,-,True,True,-,-,-,True
718,-,False,-,-,False,-,True,True,-,-,-,False
719,-,False,-,-,False,-,True,True,-,-,-,True
720,-,False,-,-,False,-,True,True,-,-,-,False
721,-,False,-,-,False,-,True,True,-,-,-,True
722,-,False,-,-,False,-,True,True,-,-,-,False
723,-,False,-,-,False,-,True,True,-,-,-,True
724,-,False,-,-,False,-,True,True,-,-,-,False
725,-,False,-,-,False,-,True,True,-,-,-,True
726,-,False,-,-,False,-,True,True,-,-,-,False
727,-,False,-,-,False,-,True,True,-,-,-,True
728,-,False,-,-,False,-,True,True,-,-,-,True
729,-,False,-,-,False,-,True,True,-,-,-,True
730,-,False,-,-,False,-,True,True,-,-,-,True
731,-,False,-,-,False,-,True,True,-,-,-,True
732,-,False,-,-,False,-,True,True,-,-,-,True
733,-,False,-,-,False,-,True,True,-,-,-,True
734,-,False,-,-,False,-,True,True,-,-,-,False
735,-,False,-,-,False,-,True,True,-,-,-,True
736,-,False,-,-,False,-,True,True,-,-,-,True
737,-,False,-,-,False,-,True,True,-,-,-,True
738,-,False,-,-,False,-,True,True,-,-,-,False
739,-,False,-,-,False,-,True,True,-,-,-,True
740,-,False,-,-,False,-,True,True,-,-,-,True
741,-,False,-,-,False,-,True,True,-,-,-,True
742,-,False,-,-,False,-,True,True,-,-,-,False
743,-,False,-,-,False,-,True,True,-,-,-,True
744,-,False,-,-,False,-,True,True,-,-,-,True
745,-,False,-,-,False,-,True,True,-,-,-,True
746,-,False,-,-,False,-,True,True,-,-,-,False
747,-,False,-,-,False,-,True,True,-,-,-,True
748,-,False,-,-,False,-,True,True,-,-,-,False
749,-,False,-,-,False,-,True,True,-,-,-,True
750,-,False,-,-,False,-,False,True,-,-,-,False
751,-,False,-,-,False,-,True,True,-,-,-,True
752,-,False,-,-,False,-,True,True,-,-,-,True
753,-,False,-,-,False,-,True,True,-,-,-,True
754,-,False,-,-,False,-,True,True,-,-,-,False
755,-,False,-,-,False,-,True,True,-,-,-,True
756,-,False,-,-,False,-,True,True,-,-,-,False
757,-,False,-,-,False,-,True,True,-,-,-,True
758,-,False,-,-,False,-,False,True,-,-,-,False
759,-,False,-,-,False,-,True,True,-,-,-,True
760,-,False,-,-,False,-,True,True,-,-,-,True
761,-,False,-,-,False,-,True,True,-,-,-,True
762,-,False,-,-,False,-,True,True,-,-,-,False
763,-,False,-,-,False,-,True,True,-,-,-,True
764,-,False,-,-,False,-,True,True,-,-,-,True
765,-,False,-,-,False,-,True,True,-,-,-,True
766,-,False,-,-,False,-,False,True,-,-,-,False
767,-,False,-,-,False,-,True,True,-,-,-,True
768,-,False,-,-,False,-,True,True,-,-,-,False
769,-,False,-,-,False,-,True,True,-,-,-,False
770,-,False,-,-,False,-,True,True,-,-,-,False
771,-,False,-,-,False,-,True,True,-,-,-,True
772,-,False,-,-,False,-,True,True,-,-,-,False
773,-,False,-,-,False,-,True,True,-,-,-,False
774,-,False,-,-,False,-,True,True,-,-,-,False
775,-,False,-,-,False,-,True,True,-,-,-,False
776,-,False,-,-,False,-,True,True,-,-,-,False
777,-,False,-,-,False,-,True,True,-,-,-,False
778,-,False,-,-,False,-,True,True,-,-,-,True
779,-,False,-,-,False,-,True,True,-,-,-,False
780,-,False,-,-,False,-,True,True,-,-,-,True
781,-,False,-,-,False,-,True,True,-,-,-,True
782,-,False,-,-,False,-,True,True,-,-,-,False
783,-,False,-,-,False,-,True,True,-,-,-,False
784,-,False,-,-,False,-,True,True,-,-,-,False
785,-,False,-,-,False,-,True,True,-,-,-,False
786,-,False,-,-,False,-,True,True,-,-,-,True
787,-,False,-,-,False,-,True,True,-,-,-,False
788,-,False,-,-,False,-,True,True,-,-,-,True
789,-,False,-,-,False,-,True,True,-,-,-,False
790,-,False,-,-,False,-,True,True,-,-,-,False
791,-,False,-,-,False,-,True,True,-,-,-,False
792,-,False,-,-,False,-,True,True,-,-,-,False
793,-,False,-,-,False,-,True,True,-,-,-,False
794,-,False,-,-,False,-,True,True,-,-,-,True
795,-,False,-,-,False,-,True,True,-,-,-,False
796,-,False,-,-,False,-,True,True,-,-,-,True
797,-,False,-,-,False,-,True,True,-,-,-,False
798,-,False,-,-,False,-,True,True,-,-,-,False
799,-,False,-,-,False,-,True,True,-,-,-,False
800,-,False,-,-,False,-,True,True,-,-,-,False
