Step,Light1_Obj,Light1_Pow,Light1_Pen,Light2_Obj,Light2_Pow,Light2_Pen,Light3_Obj,Light3_Pow,Light3_Pen,Light4_Obj,Light4_Pow,Light4_Pen,Light5_Obj,Light5_Pow,Light5_Pen,Light6_Obj,Light6_Pow,Light6_Pen,Light7_Obj,Light7_Pow,Light7_Pen,Light8_Obj,Light8_Pow,Light8_Pen,Light9_Obj,Light9_Pow,Light9_Pen,Light10_Obj,Light10_Pow,Light10_Pen,Light11_Obj,Light11_Pow,Light11_Pen,Light12_Obj,Light12_Pow,Light12_Pen
0,0,0,0,0,0,0,0,0,0,0,0,0,0,0,0,0,0,0,0,0,0,0,0,0,0,0,0,0,0,0,0,0,0,0,0,0
1,5438062,2796,5435266,9211620,2796,9208824,545366,2796,542570,10931675,2796,10928879,26500215,2796,26497419,6977055,2796,6974259,24008887,2796,24006091,21441468,2796,21438672,22236967,2796,22234171,9953501,2796,9950705,30127676,2796,30124880,10942170,2796,10939374
2,4968934,2942,4965992,8281122,2942,8278179,426148,2942,423205,9763386,2942,9760443,24417817,2942,24414874,6214667,2942,6211725,22068640,2942,22065697,19324487,2942,19321544,20591968,2942,20589025,8879650,2942,8876707,27377992,2942,27375049,9874555,2942,9871612
3,4968934,2942,4965992,8281122,2942,8278179,426148,2942,423205,9763386,2942,9760443,24417817,2942,24414874,6214667,2942,6211725,22068640,2942,22065697,19324487,2942,19321544,20591968,2942,20589025,8879650,2942,8876707,27377992,2942,27375049,9874555,2942,9871612
4,4662229,3110,4659118,7561567,3110,7558456,278345,3110,275235,8752990,3110,8749879,22339815,3110,22336704,5220959,3110,5217848,20246800,3110,20243689,17019461,3110,17016351,18676360,3110,18673250,7793071,3110,7789960,24339755,3110,24336644,8601866,3110,8598756
5,4662229,3110,4659118,7561567,3110,7558456,278345,3110,275235,8752990,3110,8749879,22339815,3110,22336704,5220959,3110,5217848,20246800,3110,20243689,17019461,3110,17016351,18676360,3110,18673250,7793071,3110,7789960,24339755,3110,24336644,8601866,3110,8598756
6,4271418,3259,4268159,6780371,3259,6777112,175484,3259,172225,7970417,3259,7967158,20779070,3259,20775811,4567642,3259,4564383,18847634,3259,18844375,15526993,3259,15523734,17487965,3259,17484706,7070849,3259,7067590,22403112,3259,22399853,7750553,3259,7747294
7,4271418,3259,4268159,6780371,3259,6777112,175484,3259,172225,7970417,3259,7967158,20779070,3259,20775811,4567642,3259,4564383,18847634,3259,18844375,15526993,3259,15523734,17487965,3259,17484706,7070849,3259,7067590,22403112,3259,22399853,7750553,3259,7747294
8,4131640,3317,4128322,6504406,3317,6501089,140872,3317,137555,7632917,3317,7629600,20120459,3317,20117142,4354360,3317,4351043,18246890,3317,18243573,14887438,3317,14884121,16969882,3317,16966565,6739014,3317,6735697,21577279,3317,21573962,7415716,3317,7412399
9,4131640,3317,4128322,6504406,3317,6501089,140872,3317,137555,7632917,3317,7629600,20120459,3317,20117142,4354360,3317,4351043,18246890,3317,18243573,14887438,3317,14884121,16969882,3317,16966565,6739014,3317,6735697,21577279,3317,21573962,7415716,3317,7412399
10,3888761,3493,3885268,5995700,3493,5992207,62006,3493,58513,6798979,3493,6795486,18166478,3493,18162985,3500661,3493,3497168,16579710,3493,16576217,12763298,3493,12759804,15103844,3493,15100351,5736893,3493,5733400,18760286,3493,18756793,6142964,3493,6139471
11,3888761,3493,3885268,5995700,3493,5992207,62006,3493,58513,6798979,3493,6795486,18166478,3493,18162985,3500661,3493,3497168,16579710,3493,16576217,12763298,3493,12759804,15103844,3493,15100351,5736893,3493,5733400,18760286,3493,18756793,6142964,3493,6139471
12,3589052,3638,3585414,5478525,3638,5474887,33856,3638,30218,6177660,3638,6174022,16983194,3638,16979556,3031881,3638,3028243,15500343,3638,15496704,11550937,3638,11547299,14180552,3638,14176914,5110787,3638,5107149,17198335,3638,17194697,5361799,3638,5358161
13,3589052,3638,3585414,5478525,3638,5474887,33856,3638,30218,6177660,3638,6174022,16983194,3638,16979556,3031881,3638,3028243,15500343,3638,15496704,11550937,3638,11547299,14180552,3638,14176914,5110787,3638,5107149,17198335,3638,17194697,5361799,3638,5358161
14,3396657,3777,3392880,5150076,3777,5146299,16706,3777,12929,5445421,3777,5441644,15726901,3777,15723124,2660871,3777,2657093,14328753,3777,14324976,10154643,3777,10150866,13058685,3777,13054908,4328137,3777,4324360,15354236,3777,15350459,4597744,3777,4593967
15,3396657,3777,3392880,5150076,3777,5146299,16706,3777,12929,5445421,3777,5441644,15726901,3777,15723124,2660871,3777,2657093,14328753,3777,14324976,10154643,3777,10150866,13058685,3777,13054908,4328137,3777,4324360,15354236,3777,15350459,4597744,3777,4593967
16,2823252,3967,2819284,4248241,3967,4244273,4864,3967,896,4410964,3967,4406996,13837725,3967,13833757,2149611,3967,2145643,12482837,3967,12478869,8639380,3967,8635412,11676150,3967,11672182,3557624,3967,3553656,13200817,3967,13196849,3806996,3967,3803029
17,2823252,3967,2819284,4248241,3967,4244273,4864,3967,896,4410964,3967,4406996,13837725,3967,13833757,2149611,3967,2145643,12482837,3967,12478869,8639380,3967,8635412,11676150,3967,11672182,3557624,3967,3553656,13200817,3967,13196849,3806996,3967,3803029
18,2481196,4174,2477021,3724994,4174,3720819,4174,4174,0,3615970,4174,3611795,12210900,4174,12206726,1657436,4174,1653261,10962024,4174,10957850,7116403,4174,7112228,10263818,4174,10259643,2778043,4174,2773868,11088357,4174,11084182,2909729,4174,2905554
19,2481196,4174,2477021,3724994,4174,3720819,4174,4174,0,3615970,4174,3611795,12210900,4174,12206726,1657436,4174,1653261,10962024,4174,10957850,7116403,4174,7112228,10263818,4174,10259643,2778043,4174,2773868,11088357,4174,11084182,2909729,4174,2905554
20,2111869,4366,2107502,3166367,4366,3162000,4366,4366,0,3008342,4366,3003976,10714241,4366,10709875,1198354,4366,1193988,9545635,4366,9541269,5876857,4366,5872491,9001749,4366,8997383,2214403,4366,2210036,9334955,4366,9330588,2167427,4366,2163061
21,2115713,4360,2111353,3172177,4360,3167816,4360,4360,0,3012205,4360,3007845,10723384,4360,10719024,1201046,4360,1196686,9555313,4360,9550952,5882974,4360,5878614,9007778,4360,9003418,2217009,4360,2212649,9343591,4360,9339231,2171317,4360,2166957
22,1858709,4519,1854189,2785804,4519,2781284,4519,4519,0,2527147,4519,2522627,9405115,4519,9400595,840117,4519,835597,8348585,4519,8344066,4845294,4519,4840775,7829458,4519,7824938,1772760,4519,1768241,7818864,4519,7814344,1618413,4519,1613894
23,1858709,4519,1854189,2785804,4519,2781284,4519,4519,0,2527147,4519,2522627,9405115,4519,9400595,840117,4519,835597,8348585,4519,8344066,4845294,4519,4840775,7829458,4519,7824938,1772760,4519,1768241,7818864,4519,7814344,1618413,4519,1613894
24,1525917,4755,1521161,2624224,4755,2619468,229906,4755,225150,1786887,4755,1782131,7855168,4755,7850412,597667,4755,592911,7022042,4755,7017286,3901697,4755,3896942,6606694,4755,6601938,1221146,4755,1216390,6087941,4755,6083185,883794,4755,879038
25,1530714,4746,1525967,2619853,4746,2615107,222184,4746,217437,1791260,4746,1786513,7858742,4746,7853995,596370,4746,591623,7033323,4746,7028576,3906867,4746,3902120,6602462,4746,6597715,1223345,4746,1218598,6096573,4746,6091826,887510,4746,882763
26,1364485,4941,1359543,2748513,4941,2743571,445999,4941,441057,1369205,4941,1364263,7197828,4941,7192886,618889,4941,613947,6271132,4941,6266190,3376290,4941,3371348,5848592,4941,5843650,941174,4941,936232,5064095,4941,5059153,513506,4941,508564
27,1400144,4891,1395252,2484227,4891,2479335,262529,4891,257637,1405935,4891,1401043,6971730,4891,6966838,434214,4891,429322,6381785,4891,6376893,3437446,4891,3432554,5805464,4891,5800572,958884,4891,953992,5174151,4891,5169259,552616,4891,547724
28,1287672,5038,1282633,2653575,5038,2648537,457333,5038,452294,1198976,5038,1193938,6406647,5038,6401609,505136,5038,500097,5742647,5038,5737609,3030233,5038,3025194,5072322,5038,5067283,804471,5038,799433,4377791,5038,4372753,260875,5038,255836
29,1331200,4990,1326209,2418837,4990,2413847,288012,4990,283021,1234913,4990,1229923,6162605,4990,6157615,299354,4990,294364,5846585,4990,5841595,3063741,4990,3058750,5028857,4990,5023866,814625,4990,809635,4446109,4990,4441119,281213,4990,276223
30,1113763,5221,1108541,2494404,5221,2489182,521971,5221,516749,868811,5221,863589,5315910,5221,5310688,437438,5221,432216,5019754,5221,5014532,2791890,5221,2786668,4113724,5221,4108502,690011,5221,684789,3590463,5221,3585241,40237,5221,35015
31,1127301,5190,1122111,2378549,5190,2373359,437119,5190,431929,882809,5190,877619,5251967,5190,5246777,374174,5190,368984,5062850,5190,5057659,2804142,5190,2798952,4058438,5190,4053248,692268,5190,687078,3624882,5190,3619692,46702,5190,41511
32,1058363,5283,1053080,2418496,5283,2413213,496145,5283,490861,969507,5283,964224,5313568,5283,5308285,407688,5283,402404,4746568,5283,4741284,2771536,5283,2766253,3969254,5283,3963970,686649,5283,681366,3516591,5283,3511308,20146,5283,14863
33,1107461,5268,1102192,2459319,5268,2454050,478930,5268,473661,989500,5268,984231,5349708,5268,5344439,393015,5268,387746,4850848,5268,4845580,2777223,5268,2771954,3982815,5268,3977546,689603,5268,684334,3540469,5268,3535200,21686,5268,16417
34,985154,5501,979653,2545645,5501,2540143,634992,5501,629490,839689,5501,834188,4393216,5501,4387715,505853,5501,500351,4092632,5501,4087130,2732370,5501,2726869,3036988,5501,3031487,728888,5501,723386,2917286,5501,2911784,5501,5501,0
35,987953,5490,982462,2563066,5490,2557576,642530,5490,637039,859003,5490,853512,4455951,5490,4450460,517366,5490,511875,4061452,5490,4055961,2649645,5490,2644154,3085361,5490,3079870,705209,5490,699718,2893150,5490,2887659,5490,5490,0
36,776385,5762,770622,2522449,5762,2516686,778060,5762,772297,755512,5762,749750,3756930,5762,3751167,916108,5762,910345,3480872,5762,3475109,3425728,5762,3419965,2407176,5762,2401413,1031859,5762,1026096,3038931,5762,3033168,415779,5762,410016
37,803109,5675,797433,2515491,5675,2509816,753293,5675,747617,784671,5675,778995,4258778,5675,4253103,618446,5675,612771,3601932,5675,3596257,2826823,5675,2821148,2827236,5675,2821560,749502,5675,743827,2771886,5675,2766211,5675,5675,0
38,732060,5932,726127,2839940,5932,2834007,984883,5932,978950,878212,5932,872279,3908345,5932,3902412,1313488,5932,1307555,3235245,5932,3229312,3802310,5932,3796377,2412225,5932,2406292,1184814,5932,1178881,3262466,5932,3256533,665225,5932,659292
39,745487,5852,739634,2746215,5852,2740363,920905,5852,915052,853456,5852,847603,4278430,5852,4272577,1066562,5852,1060709,3386612,5852,3380759,3276375,5852,3270523,2767287,5852,2761434,852212,5852,846360,3060435,5852,3054582,209592,5852,203739
40,700697,6091,694606,3130797,6091,3124706,1174564,6091,1168473,958882,6091,952791,4055800,6091,4049709,1703106,6091,1697015,3240011,6091,3233920,4462010,6091,4455919,2482988,6091,2476897,1467933,6091,1461842,3707527,6091,3701436,1019214,6091,1013122
41,725502,5944,719558,2919700,5944,2913755,1035889,5944,1029945,899049,5944,893105,4316125,5944,4310180,1297278,5944,1291334,3312089,5944,3306145,3656497,5944,3650553,2765421,5944,2759476,1069797,5944,1063853,3282935,5944,3276991,527083,5944,521139
42,697934,6024,691910,3063786,6024,3057762,1144694,6024,1138670,929236,6024,923212,4046922,6024,4040898,1581483,6024,1575459,3099836,6024,3093811,4057182,6024,4051157,2534270,6024,2528246,1313091,6024,1307066,3442627,6024,3436603,904904,6024,898879
43,714861,5960,708901,3007197,5960,3001236,1096397,5960,1090437,911924,5960,905964,4386932,5960,4380972,1343088,5960,1337128,3289828,5960,3283868,3696472,5960,3690512,2804737,5960,2798777,1090856,5960,1084896,3292953,5960,3286993,531797,5960,525837
44,719551,6066,713485,3163669,6066,3157603,1157621,6066,1151555,1053299,6066,1047233,4479942,6066,4473876,1526887,6066,1520821,3193531,6066,3187465,4027129,6066,4021063,2697571,6066,2691505,1238684,6066,1232618,3478359,6066,3472293,703804,6066,697738
45,690121,6060,684061,3105217,6060,3099157,1173688,6060,1167628,932787,6060,926726,4274142,6060,4268082,1562450,6060,1556389,3350757,6060,3344697,4222856,6060,4216796,2704696,6060,2698635,1301253,6060,1295192,3611852,6060,3605791,731257,6060,725197
46,719542,6175,713367,3391442,6175,3385266,1288243,6175,1282068,1128356,6175,1122180,4386207,6175,4380031,1914844,6175,1908668,3160708,6175,3154533,4617026,6175,4610850,2620170,6175,2613995,1467900,6175,1461725,3867336,6175,3861160,1040543,6175,1034367
47,688737,6092,682645,3165655,6092,3159563,1211669,6092,1205576,937911,6092,931819,4280871,6092,4274779,1699826,6092,1693733,3328201,6092,3322108,4324007,6092,4317915,2734147,6092,2728054,1328081,6092,1321988,3712921,6092,3706828,827914,6092,821822
48,726743,6311,720432,3835088,6311,3828777,1517152,6311,1510840,1613166,6311,1606854,4941867,6311,4935555,2105409,6311,2099098,3413123,6311,3406811,5342364,6311,5336052,2814608,6311,2808296,1891424,6311,1885113,4485272,6311,4478960,1097236,6311,1090925
49,688737,6092,682645,3165655,6092,3159563,1211669,6092,1205576,937911,6092,931819,4280871,6092,4274779,1699826,6092,1693733,3328201,6092,3322108,4324007,6092,4317915,2734147,6092,2728054,1328081,6092,1321988,3712921,6092,3706828,827914,6092,821822
50,683823,6256,677567,3503721,6256,3497465,1391813,6256,1385557,1432675,6256,1426418,4260590,6256,4254334,2146959,6256,2140702,3399989,6256,3393733,5468656,6256,5462400,2545350,6256,2539094,1973759,6256,1967503,4571630,6256,4565374,1313090,6256,1306834
51,700771,6135,694636,3383618,6135,3377483,1314864,6135,1308729,1041577,6135,1035442,4550799,6135,4544664,1788403,6135,1782268,3250752,6135,3244617,4349835,6135,4343700,2824523,6135,2818388,1343752,6135,1337617,3717020,6135,3710884,836070,6135,829935
52,708355,6317,702038,3713727,6317,3707409,1493253,6317,1486935,1129992,6317,1123675,4544597,6317,4538280,2539680,6317,2533363,3154156,6317,3147838,5178109,6317,5171791,2821280,6317,2814963,1668037,6317,1661720,4387381,6317,4381064,1535546,6317,1529229
53,691738,6266,685471,3566449,6266,3560182,1431501,6266,1425234,1067505,6266,1061238,4505786,6266,4499519,2300569,6266,2294303,3298066,6266,3291800,5018472,6266,5012205,2865182,6266,2858915,1561938,6266,1555671,4273881,6266,4267614,1254577,6266,1248310
54,773527,6529,766997,4338102,6529,4331573,1765714,6529,1759184,1789381,6529,1782851,5088993,6529,5082464,3398063,6529,3391533,3220929,6529,3214399,6327058,6529,6320528,3091872,6529,3085342,2181548,6529,2175018,5565956,6529,5559426,2150868,6529,2144339
55,690273,6274,683999,3572452,6274,3566178,1435852,6274,1429578,1070242,6274,1063967,4498887,6274,4492613,2311571,6274,2305297,3316278,6274,3310004,5077312,6274,5071038,2855986,6274,2849712,1586574,6274,1580300,4308580,6274,4302306,1270170,6274,1263896
56,743238,6454,736784,4124530,6454,4118076,1679467,6454,1673012,1656293,6454,1649839,4959981,6454,4953527,2939830,6454,2933376,3353998,6454,3347543,6025060,6454,6018606,2988168,6454,2981713,2110605,6454,2104151,5205886,6454,5199432,1804352,6454,1797898
57,690273,6274,683999,3572452,6274,3566178,1435852,6274,1429578,1070242,6274,1063967,4498887,6274,4492613,2311571,6274,2305297,3316278,6274,3310004,5077312,6274,5071038,2855986,6274,2849712,1586574,6274,1580300,4308580,6274,4302306,1270170,6274,1263896
58,767590,6564,761026,4325849,6564,4319285,1760694,6564,1754130,1889806,6564,1883242,5080885,6564,5074321,3416473,6564,3409909,3368317,6564,3361753,6713358,6564,6706794,3074901,6564,3068336,2413765,6564,2407201,5862914,6564,5856350,2310151,6564,2303587
59,690273,6274,683999,3572452,6274,3566178,1435852,6274,1429578,1070242,6274,1063967,4498887,6274,4492613,2311571,6274,2305297,3316278,6274,3310004,5077312,6274,5071038,2855986,6274,2849712,1586574,6274,1580300,4308580,6274,4302306,1270170,6274,1263896
60,733097,6506,726590,4064441,6506,4057935,1656988,6506,1650481,1834310,6506,1827803,4827775,6506,4821268,3162106,6506,3155599,3603492,6506,3596986,6657176,6506,6650670,3003169,6506,2996663,2369767,6506,2363261,5849771,6506,5843265,1998341,6506,1991835
61,690273,6274,683999,3572452,6274,3566178,1435852,6274,1429578,1070242,6274,1063967,4498887,6274,4492613,2311571,6274,2305297,3316278,6274,3310004,5077312,6274,5071038,2855986,6274,2849712,1586574,6274,1580300,4308580,6274,4302306,1270170,6274,1263896
62,752250,6527,745722,4265177,6527,4258650,1742114,6527,1735586,1952784,6527,1946256,5015406,6527,5008879,3258826,6527,3252299,3357092,6527,3350564,6508622,6527,6502095,3031025,6527,3024498,2323451,6527,2316923,5724675,6527,5718147,2030692,6527,2024165
63,690273,6274,683999,3572452,6274,3566178,1435852,6274,1429578,1070242,6274,1063967,4498887,6274,4492613,2311571,6274,2305297,3316278,6274,3310004,5077312,6274,5071038,2855986,6274,2849712,1586574,6274,1580300,4308580,6274,4302306,1270170,6274,1263896
64,783291,6594,776697,4452282,6594,4445688,1823089,6594,1816495,1968688,6594,1962094,5165939,6594,5159345,3615919,6594,3609325,3481285,6594,3474691,6975901,6594,6969306,3180780,6594,3174186,2470912,6594,2464318,6147313,6594,6140719,2365788,6594,2359194
65,690273,6274,683999,3572452,6274,3566178,1435852,6274,1429578,1070242,6274,1063967,4498887,6274,4492613,2311571,6274,2305297,3316278,6274,3310004,5077312,6274,5071038,2855986,6274,2849712,1586574,6274,1580300,4308580,6274,4302306,1270170,6274,1263896
66,712327,6439,705887,3782360,6439,3775920,1515996,6439,1509557,1713457,6439,1707017,4377388,6439,4370948,2851306,6439,2844866,3606182,6439,3599742,6712893,6439,6706453,2653502,6439,2647063,2521458,6439,2515018,5675625,6439,5669185,2094137,6439,2087697
67,690273,6274,683999,3572452,6274,3566178,1435852,6274,1429578,1070242,6274,1063967,4498887,6274,4492613,2311571,6274,2305297,3316278,6274,3310004,5077312,6274,5071038,2855986,6274,2849712,1586574,6274,1580300,4308580,6274,4302306,1270170,6274,1263896
68,703390,6422,696967,3752114,6422,3745692,1502268,6422,1495845,1688479,6422,1682056,4567571,6422,4561148,2755814,6422,2749392,3572740,6422,3566317,6277425,6422,6271003,2795952,6422,2789530,2217454,6422,2211032,5442753,6422,5436331,1705756,6422,1699334
69,690236,6338,683897,3712905,6338,3706567,1521213,6338,1514875,1319112,6338,1312774,4547489,6338,4541151,2683342,6338,2677004,3367521,6338,3361182,5516653,6338,5510315,2973631,6338,2967293,1808275,6338,1801937,4855791,6338,4849453,1536896,6338,1530558
70,749854,6470,743384,4164836,6470,4158365,1700432,6470,1693962,1670769,6470,1664298,4879629,6470,4873158,3245567,6470,3239096,3222811,6470,3216340,6085142,6470,6078671,3024396,6470,3017925,2072985,6470,2066514,5372978,6470,5366508,1995388,6470,1988917
71,687609,6352,681256,3726006,6352,3719653,1530281,6352,1523928,1366949,6352,1360596,4536793,6352,4530440,2707726,6352,2701373,3421707,6352,3415354,5668806,6352,5662453,2958408,6352,2952055,1887876,6352,1881523,4973394,6352,4967041,1571346,6352,1564993
72,720891,6475,714415,4046627,6475,4040151,1667970,6475,1661494,1768533,6475,1762058,4789958,6475,4783482,3050257,6475,3043781,3619503,6475,3613028,6517201,6475,6510725,3011545,6475,3005069,2321970,6475,2315495,5701412,6475,5694936,1882959,6475,1876483
73,687609,6352,681256,3726006,6352,3719653,1530281,6352,1523928,1366949,6352,1360596,4536793,6352,4530440,2707726,6352,2701373,3421707,6352,3415354,5668806,6352,5662453,2958408,6352,2952055,1887876,6352,1881523,4973394,6352,4967041,1571346,6352,1564993
74,726604,6527,720076,4190754,6527,4184226,1749468,6527,1742941,1692220,6527,1685692,4831606,6527,4825079,3529691,6527,3523164,3390189,6527,3383662,6609495,6527,6602968,3144398,6527,3137871,2301207,6527,2294679,5878788,6527,5872260,2314222,6527,2307695
75,682763,6383,676380,3753675,6383,3747292,1548862,6383,1542478,1475594,6383,1469211,4517906,6383,4511523,2757841,6383,2751458,3541043,6383,3534659,5992906,6383,5986523,2929693,6383,2923309,2059921,6383,2053538,5229339,6383,5222956,1643263,6383,1636880
76,747526,6529,740997,4430711,6529,4424182,1860119,6529,1853590,1792175,6529,1785646,5191049,6529,5184519,3401483,6529,3394954,3410112,6529,3403583,6444388,6529,6437859,3244749,6529,3238220,2241365,6529,2234835,5684294,6529,5677765,2041352,6529,2034823
77,682763,6383,676380,3753675,6383,3747292,1548862,6383,1542478,1475594,6383,1469211,4517906,6383,4511523,2757841,6383,2751458,3541043,6383,3534659,5992906,6383,5986523,2929693,6383,2923309,2059921,6383,2053538,5229339,6383,5222956,1643263,6383,1636880
78,778511,6677,771834,4497350,6677,4490673,1846178,6677,1839501,2409525,6677,2402848,5148109,6677,5141432,3797299,6677,3790622,3957512,6677,3950835,8104416,6677,8097738,3145618,6677,3138941,3072549,6677,3065872,7145906,6677,7139229,2623253,6677,2616576
79,682763,6383,676380,3753675,6383,3747292,1548862,6383,1542478,1475594,6383,1469211,4517906,6383,4511523,2757841,6383,2751458,3541043,6383,3534659,5992906,6383,5986523,2929693,6383,2923309,2059921,6383,2053538,5229339,6383,5222956,1643263,6383,1636880
80,727239,6511,720727,4002102,6511,3995591,1616411,6511,1609899,1782847,6511,1776335,4853111,6511,4846600,3227423,6511,3220911,3446851,6511,3440339,6473268,6511,6466756,3034055,6511,3027543,2214225,6511,2207713,5761634,6511,5755122,2000995,6511,1994483
81,681616,6390,675225,3761076,6390,3754685,1553711,6390,1547320,1506272,6390,1499881,4513640,6390,4507249,2770953,6390,2764562,3574003,6390,3567613,6080185,6390,6073794,2922741,6390,2916350,2106775,6390,2100385,5299411,6390,5293020,1662322,6390,1655931
82,718476,6477,711998,3957228,6477,3950750,1610453,6477,1603975,1718985,6477,1712507,4669017,6477,4662539,3189487,6477,3183009,3379924,6477,3373446,6420077,6477,6413599,2955791,6477,2949314,2253366,6477,2246888,5665531,6477,5659053,2092529,6477,2086051
83,681616,6390,675225,3761076,6390,3754685,1553711,6390,1547320,1506272,6390,1499881,4513640,6390,4507249,2770953,6390,2764562,3574003,6390,3567613,6080185,6390,6073794,2922741,6390,2916350,2106775,6390,2100385,5299411,6390,5293020,1662322,6390,1655931
84,750240,6483,743756,4044679,6483,4038196,1620232,6483,1613749,1756206,6483,1749722,4932033,6483,4925550,3104449,6483,3097966,3451364,6483,3444881,6283731,6483,6277248,3036350,6483,3029867,2137518,6483,2131035,5564697,6483,5558214,1872885,6483,1866402
85,682775,6383,676392,3753601,6383,3747218,1548813,6383,1542430,1475292,6383,1468909,4517950,6383,4511567,2757710,6383,2751327,3540717,6383,3534334,5992039,6383,5985656,2929763,6383,2923380,2059457,6383,2053073,5228646,6383,5222263,1643073,6383,1636690
86,754050,6603,747446,4257309,6603,4250706,1734790,6603,1728186,2129843,6603,2123239,4889543,6603,4882939,3515570,6603,3508967,3710719,6603,3704115,7551339,6603,7544735,2995317,6603,2988714,2840591,6603,2833988,6571478,6603,6564874,2528892,6603,2522289
87,682775,6383,676392,3753601,6383,3747218,1548813,6383,1542430,1475292,6383,1468909,4517950,6383,4511567,2757710,6383,2751327,3540717,6383,3534334,5992039,6383,5985656,2929763,6383,2923380,2059457,6383,2053073,5228646,6383,5222263,1643073,6383,1636690
88,755023,6533,748490,4398427,6533,4391894,1822985,6533,1816452,1915021,6533,1908487,5208948,6533,5202415,3223713,6533,3217179,3484882,6533,3478349,6558380,6533,6551846,3145217,6533,3138684,2372933,6533,2366399,5710541,6533,5704007,2000220,6533,1993687
89,679472,6406,673066,3776055,6406,3769649,1563383,6406,1556976,1570295,6406,1563888,4505944,6406,4499537,2797141,6406,2790735,3641959,6406,3635553,6257542,6406,6251135,2909540,6406,2903134,2202609,6406,2196202,5443159,6406,5436753,1700686,6406,1694279
90,689805,6604,683201,4320063,6604,4313459,1872527,6604,1865922,1880828,6604,1874224,4791687,6604,4785082,3839229,6604,3832625,3884912,6604,3878308,7788287,6604,7781682,3229295,6604,3222690,2875161,6604,2868557,6835573,6604,6828969,2681577,6604,2674972
91,679472,6406,673066,3776055,6406,3769649,1563383,6406,1556976,1570295,6406,1563888,4505944,6406,4499537,2797141,6406,2790735,3641959,6406,3635553,6257542,6406,6251135,2909540,6406,2903134,2202609,6406,2196202,5443159,6406,5436753,1700686,6406,1694279
92,798723,6635,792088,4541750,6635,4535115,1853947,6635,1847312,2386459,6635,2379824,5269370,6635,5262735,3450293,6635,3443658,3904540,6635,3897905,7642969,6635,7636334,3111273,6635,3104637,2955248,6635,2948613,6663462,6635,6656827,2336225,6635,2329589
93,679472,6406,673066,3776055,6406,3769649,1563383,6406,1556976,1570295,6406,1563888,4505944,6406,4499537,2797141,6406,2790735,3641959,6406,3635553,6257542,6406,6251135,2909540,6406,2903134,2202609,6406,2196202,5443159,6406,5436753,1700686,6406,1694279
94,781235,6621,774614,4436998,6621,4430376,1807520,6621,1800898,2375158,6621,2368537,5117888,6621,5111266,3506895,6621,3500273,3847081,6621,3840459,7686913,6621,7680291,3050946,6621,3044325,2942675,6621,2936054,6729597,6621,6722975,2387276,6621,2380655
95,679472,6406,673066,3776055,6406,3769649,1563383,6406,1556976,1570295,6406,1563888,4505944,6406,4499537,2797141,6406,2790735,3641959,6406,3635553,6257542,6406,6251135,2909540,6406,2903134,2202609,6406,2196202,5443159,6406,5436753,1700686,6406,1694279
96,717046,6541,710505,3988435,6541,3981894,1630325,6541,1623783,2015721,6541,2009180,4553471,6541,4546929,3199112,6541,3192571,3904523,6541,3897982,7554793,6541,7548252,2824226,6541,2817685,2915374,6541,2908832,6481519,6541,6474978,2386521,6541,2379979
97,679313,6396,672916,3753774,6396,3747377,1549993,6396,1543596,1564098,6396,1557702,4496154,6396,4489758,2736371,6396,2729974,3643027,6396,3636630,6207229,6396,6200833,2888274,6396,2881877,2189025,6396,2182628,5385869,6396,5379472,1656295,6396,1649898
98,716173,6667,709505,4460913,6667,4454246,1903980,6667,1897312,2329160,6667,2322492,4989926,6667,4983258,3870726,6667,3864058,3964882,6667,3958214,8237649,6667,8230981,3188064,6667,3181396,3201819,6667,3195151,7250681,6667,7244014,2778538,6667,2771870
99,679313,6396,672916,3753774,6396,3747377,1549993,6396,1543596,1564098,6396,1557702,4496154,6396,4489758,2736371,6396,2729974,3643027,6396,3636630,6207229,6396,6200833,2888274,6396,2881877,2189025,6396,2182628,5385869,6396,5379472,1656295,6396,1649898
100,690600,6572,684028,4127429,6572,4120857,1750264,6572,1743692,2134762,6572,2128190,4611109,6572,4604537,3564395,6572,3557823,3919131,6572,3912559,7720620,6572,7714048,3031406,6572,3024834,2926936,6572,2920364,6838673,6572,6832101,2430234,6572,2423662
101,679313,6396,672916,3753774,6396,3747377,1549993,6396,1543596,1564098,6396,1557702,4496154,6396,4489758,2736371,6396,2729974,3643027,6396,3636630,6207229,6396,6200833,2888274,6396,2881877,2189025,6396,2182628,5385869,6396,5379472,1656295,6396,1649898
102,750349,6674,743675,4325257,6674,4318583,1786257,6674,1779583,2534500,6674,2527826,4836014,6674,4829339,3607069,6674,3600395,4386425,6674,4379750,8809129,6674,8802454,2964397,6674,2957722,3558533,6674,3551858,7615473,6674,7608798,2768769,6674,2762094
103,679313,6396,672916,3753774,6396,3747377,1549993,6396,1543596,1564098,6396,1557702,4496154,6396,4489758,2736371,6396,2729974,3643027,6396,3636630,6207229,6396,6200833,2888274,6396,2881877,2189025,6396,2182628,5385869,6396,5379472,1656295,6396,1649898
104,678389,6510,671878,3903654,6510,3897143,1619611,6510,1613100,1843549,6510,1837038,4498599,6510,4492088,3275502,6510,3268991,3662517,6510,3656006,7096883,6510,7090373,2879846,6510,2873335,2581515,6510,2575004,6196923,6510,6190412,2215115,6510,2208605
105,673700,6429,667270,3818351,6429,3811922,1597952,6429,1591523,1566462,6429,1560032,4499155,6429,4492726,2974437,6429,2968008,3645544,6429,3639114,6403619,6429,6397190,2970769,6429,2964340,2239838,6429,2233409,5612568,6429,5606139,1832739,6429,1826310
106,737834,6594,731240,4378971,6594,4372377,1833323,6594,1826729,2110014,6594,2103420,5072973,6594,5066379,3440950,6594,3434356,3821498,6594,3814903,7345189,6594,7338595,3136176,6594,3129582,2732640,6594,2726045,6432206,6594,6425612,2209020,6594,2202426
107,673700,6429,667270,3818351,6429,3811922,1597952,6429,1591523,1566462,6429,1560032,4499155,6429,4492726,2974437,6429,2968008,3645544,6429,3639114,6403619,6429,6397190,2970769,6429,2964340,2239838,6429,2233409,5612568,6429,5606139,1832739,6429,1826310
108,735075,6595,728479,4219800,6595,4213204,1735580,6595,1728984,2227660,6595,2221064,4834857,6595,4828261,3479564,6595,3472968,3896250,6595,3889654,7740768,6595,7734172,2965669,6595,2959073,2953336,6595,2946740,6763963,6595,6757367,2423423,6595,2416827
109,673853,6439,667414,3841610,6439,3835170,1611953,6439,1605513,1572890,6439,1566450,4509952,6439,4503512,3040603,6439,3034164,3644806,6439,3638367,6458193,6439,6451753,2994545,6439,2988106,2254114,6439,2247675,5675517,6439,5669078,1881081,6439,1874642
110,752039,6652,745387,4648323,6652,4641671,1979582,6652,1972930,2058112,6652,2051460,5295196,6652,5288544,4196575,6652,4189922,3506602,6652,3499950,7383471,6652,7376819,3488206,6652,3481554,2561930,6652,2555277,6730960,6652,6724307,2656900,6652,2650248
111,671783,6455,665327,3857637,6455,3851181,1622151,6455,1615695,1644257,6455,1637802,4504401,6455,4497946,3069202,6455,3062747,3719970,6455,3713514,6649985,6455,6643529,2983556,6455,2977101,2358384,6455,2351928,5834060,6455,5827605,1923080,6455,1916625
112,706304,6632,699671,4280059,6632,4273426,1825230,6632,1818597,2018070,6632,2011438,4767656,6632,4761023,4019730,6632,4013097,3864712,6632,3858079,7982066,6632,7975433,3257158,6632,3250525,2916240,6632,2909608,7132499,6632,7125867,2831628,6632,2824995
113,671783,6455,665327,3857637,6455,3851181,1622151,6455,1615695,1644257,6455,1637802,4504401,6455,4497946,3069202,6455,3062747,3719970,6455,3713514,6649985,6455,6643529,2983556,6455,2977101,2358384,6455,2351928,5834060,6455,5827605,1923080,6455,1916625
114,814135,6651,807483,4467958,6651,4461306,1781257,6651,1774605,2553992,6651,2547341,5229376,6651,5222724,3459431,6651,3452780,3940382,6651,3933731,7824400,6651,7817749,3027404,6651,3020753,3025792,6651,3019140,6868648,6651,6861996,2347946,6651,2341294
115,671783,6455,665327,3857637,6455,3851181,1622151,6455,1615695,1644257,6455,1637802,4504401,6455,4497946,3069202,6455,3062747,3719970,6455,3713514,6649985,6455,6643529,2983556,6455,2977101,2358384,6455,2351928,5834060,6455,5827605,1923080,6455,1916625
116,709922,6573,703349,4148491,6573,4141918,1724786,6573,1718212,1998561,6573,1991988,4818036,6573,4811462,3366736,6573,3360163,3788779,6573,3782205,7408139,6573,7401566,3016960,6573,3010387,2767588,6573,2761015,6432944,6573,6426370,2339537,6573,2332964
117,671783,6455,665327,3857637,6455,3851181,1622151,6455,1615695,1644257,6455,1637802,4504401,6455,4497946,3069202,6455,3062747,3719970,6455,3713514,6649985,6455,6643529,2983556,6455,2977101,2358384,6455,2351928,5834060,6455,5827605,1923080,6455,1916625
118,701712,6626,695085,4221670,6626,4215043,1779801,6626,1773174,2385418,6626,2378791,4814223,6626,4807596,3585991,6626,3579364,4100932,6626,4094305,8102779,6626,8096152,3095289,6626,3088662,3114747,6626,3108120,7191935,6626,7185309,2417452,6626,2410825
119,671783,6455,665327,3857637,6455,3851181,1622151,6455,1615695,1644257,6455,1637802,4504401,6455,4497946,3069202,6455,3062747,3719970,6455,3713514,6649985,6455,6643529,2983556,6455,2977101,2358384,6455,2351928,5834060,6455,5827605,1923080,6455,1916625
120,698228,6705,691522,4520475,6705,4513769,1971734,6705,1965028,2440807,6705,2434101,5001310,6705,4994604,4141570,6705,4134864,4242543,6705,4235838,8756611,6705,8749905,3385052,6705,3378346,3374318,6705,3367612,7835648,6705,7828942,2884531,6705,2877825
121,671783,6455,665327,3857637,6455,3851181,1622151,6455,1615695,1644257,6455,1637802,4504401,6455,4497946,3069202,6455,3062747,3719970,6455,3713514,6649985,6455,6643529,2983556,6455,2977101,2358384,6455,2351928,5834060,6455,5827605,1923080,6455,1916625
122,743160,6733,736426,4727824,6733,4721090,2034773,6733,2028039,2503863,6733,2497129,5264216,6733,5257482,4114803,6733,4108069,4180436,6733,4173702,8693418,6733,8686684,3390410,6733,3383676,3366654,6733,3359920,7691372,6733,7684638,2865963,6733,2859229
123,671783,6455,665327,3857637,6455,3851181,1622151,6455,1615695,1644257,6455,1637802,4504401,6455,4497946,3069202,6455,3062747,3719970,6455,3713514,6649985,6455,6643529,2983556,6455,2977101,2358384,6455,2351928,5834060,6455,5827605,1923080,6455,1916625
124,743221,6698,736522,4326868,6698,4320169,1792743,6698,1786044,2709290,6698,2702592,4787904,6698,4781205,3817292,6698,3810593,4533966,6698,4527267,9299025,6698,9292326,2987443,6698,2980744,3778432,6698,3771734,8120640,6698,8113941,2956314,6698,2949615
125,671783,6455,665327,3857637,6455,3851181,1622151,6455,1615695,1644257,6455,1637802,4504401,6455,4497946,3069202,6455,3062747,3719970,6455,3713514,6649985,6455,6643529,2983556,6455,2977101,2358384,6455,2351928,5834060,6455,5827605,1923080,6455,1916625
126,775441,6801,768639,4758814,6801,4752012,2016435,6801,2009633,2642716,6801,2635914,5254443,6801,5247642,4532650,6801,4525849,4327228,6801,4320426,9415001,6801,9408200,3458474,6801,3451673,3657075,6801,3650274,8405750,6801,8398949,3397044,6801,3390242
127,671783,6455,665327,3857637,6455,3851181,1622151,6455,1615695,1644257,6455,1637802,4504401,6455,4497946,3069202,6455,3062747,3719970,6455,3713514,6649985,6455,6643529,2983556,6455,2977101,2358384,6455,2351928,5834060,6455,5827605,1923080,6455,1916625
128,779526,6636,772890,4529126,6636,4522489,1878467,6636,1871830,2093526,6636,2086889,5118570,6636,5111934,3932499,6636,3925863,3585261,6636,3578625,7480916,6636,7474280,3242958,6636,3236321,2715847,6636,2709211,6656861,6636,6650225,2689914,6636,2683277
129,672814,6447,666367,3849418,6447,3842970,1616946,6447,1610498,1607328,6447,1600881,4507091,6447,4500644,3054599,6447,3048152,3681213,6447,3674766,6551512,6447,6545064,2989048,6447,2982601,2304742,6447,2298294,5752432,6447,5745985,1901582,6447,1895135
130,743870,6670,737199,4305621,6670,4298950,1791702,6670,1785031,2056488,6670,2049817,4877473,6670,4870802,4115475,6670,4108804,3856509,6670,3849838,8030821,6670,8024150,3273707,6670,3267036,2889107,6670,2882436,7217249,6670,7210578,2914272,6670,2907601
131,672814,6447,666367,3849418,6447,3842970,1616946,6447,1610498,1607328,6447,1600881,4507091,6447,4500644,3054599,6447,3048152,3681213,6447,3674766,6551512,6447,6545064,2989048,6447,2982601,2304742,6447,2298294,5752432,6447,5745985,1901582,6447,1895135
132,692954,6748,686205,4683649,6748,4676901,2080372,6748,2073623,2288185,6748,2281437,5008380,6748,5001631,4800114,6748,4793365,4099389,6748,4092640,9101385,6748,9094637,3547266,6748,3540518,3435139,6748,3428390,8220046,6748,8213297,3491402,6748,3484653
133,672814,6447,666367,3849418,6447,3842970,1616946,6447,1610498,1607328,6447,1600881,4507091,6447,4500644,3054599,6447,3048152,3681213,6447,3674766,6551512,6447,6545064,2989048,6447,2982601,2304742,6447,2298294,5752432,6447,5745985,1901582,6447,1895135
134,802633,6719,795914,4557226,6719,4550507,1852903,6719,1846184,2476484,6719,2469765,5256182,6719,5249463,3909762,6719,3903043,4079223,6719,4072504,8425849,6719,8419130,3210342,6719,3203623,3213078,6719,3206359,7425524,6719,7418805,2810577,6719,2803858
135,672814,6447,666367,3849418,6447,3842970,1616946,6447,1610498,1607328,6447,1600881,4507091,6447,4500644,3054599,6447,3048152,3681213,6447,3674766,6551512,6447,6545064,2989048,6447,2982601,2304742,6447,2298294,5752432,6447,5745985,1901582,6447,1895135
136,762932,6691,756241,4543686,6691,4536995,1907186,6691,1900495,2367816,6691,2361125,5022439,6691,5015748,4251147,6691,4244456,3961964,6691,3955273,8452231,6691,8445540,3293438,6691,3286747,3159379,6691,3152688,7582794,6691,7576103,2997892,6691,2991201
137,672814,6447,666367,3849418,6447,3842970,1616946,6447,1610498,1607328,6447,1600881,4507091,6447,4500644,3054599,6447,3048152,3681213,6447,3674766,6551512,6447,6545064,2989048,6447,2982601,2304742,6447,2298294,5752432,6447,5745985,1901582,6447,1895135
138,697436,6749,690686,4375893,6749,4369144,1877193,6749,1870443,2643864,6749,2637114,4755473,6749,4748724,4296722,6749,4289973,4563151,6749,4556402,9799398,6749,9792649,3179465,6749,3172716,3966090,6749,3959341,8647769,6749,8641020,3447554,6749,3440805
139,672814,6447,666367,3849418,6447,3842970,1616946,6447,1610498,1607328,6447,1600881,4507091,6447,4500644,3054599,6447,3048152,3681213,6447,3674766,6551512,6447,6545064,2989048,6447,2982601,2304742,6447,2298294,5752432,6447,5745985,1901582,6447,1895135
140,661937,6542,655394,3937451,6542,3930908,1662242,6542,1655699,2191921,6542,2185378,4433650,6542,4427107,3334475,6542,3327932,3998693,6542,3992150,7781225,6542,7774682,2873465,6542,2866922,3017311,6542,3010768,6841332,6542,6834789,2314368,6542,2307825
141,666460,6438,660022,3861823,6438,3855385,1632882,6438,1626444,1591981,6438,1585542,4514999,6438,4508561,3020073,6438,3013634,3681817,6438,3675379,6509415,6438,6502976,2998915,6438,2992476,2296040,6438,2289602,5701027,6438,5694589,1861796,6438,1855357
142,783355,6683,776671,4630488,6683,4623804,1928875,6683,1922191,2414729,6683,2408045,5242953,6683,5236269,3921452,6683,3914769,4054652,6683,4047968,8245739,6683,8239055,3255783,6683,3249099,3124475,6683,3117791,7283648,6683,7276964,2666110,6683,2659426
143,666460,6438,660022,3861823,6438,3855385,1632882,6438,1626444,1591981,6438,1585542,4514999,6438,4508561,3020073,6438,3013634,3681817,6438,3675379,6509415,6438,6502976,2998915,6438,2992476,2296040,6438,2289602,5701027,6438,5694589,1861796,6438,1855357
144,749225,6639,742585,4561724,6639,4555085,1934786,6639,1928146,2155751,6639,2149112,5131822,6639,5125183,3834184,6639,3827544,3825385,6639,3818745,7762129,6639,7755489,3268667,6639,3262028,2895882,6639,2889243,6833028,6639,6826388,2595129,6639,2588489
145,666460,6438,660022,3861823,6438,3855385,1632882,6438,1626444,1591981,6438,1585542,4514999,6438,4508561,3020073,6438,3013634,3681817,6438,3675379,6509415,6438,6502976,2998915,6438,2992476,2296040,6438,2289602,5701027,6438,5694589,1861796,6438,1855357
146,746821,6695,740125,4717827,6695,4711131,2033656,6695,2026960,2320579,6695,2313883,5185332,6695,5178636,4310674,6695,4303978,3922283,6695,3915587,8341525,6695,8334829,3426013,6695,3419318,3136149,6695,3129453,7477158,6695,7470462,2973650,6695,2966954
147,666460,6438,660022,3861823,6438,3855385,1632882,6438,1626444,1591981,6438,1585542,4514999,6438,4508561,3020073,6438,3013634,3681817,6438,3675379,6509415,6438,6502976,2998915,6438,2992476,2296040,6438,2289602,5701027,6438,5694589,1861796,6438,1855357
148,795567,6748,788818,4830688,6748,4823939,2029239,6748,2022490,2479080,6748,2472331,5384289,6748,5377540,4319382,6748,4312633,4011740,6748,4004991,8666996,6748,8660248,3379838,6748,3373089,3304309,6748,3297560,7669634,6748,7662885,3098697,6748,3091948
149,666460,6438,660022,3861823,6438,3855385,1632882,6438,1626444,1591981,6438,1585542,4514999,6438,4508561,3020073,6438,3013634,3681817,6438,3675379,6509415,6438,6502976,2998915,6438,2992476,2296040,6438,2289602,5701027,6438,5694589,1861796,6438,1855357
150,774431,6692,767738,4644737,6692,4638044,1958199,6692,1951507,2139521,6692,2132828,5207874,6692,5201181,4315069,6692,4308376,3724210,6692,3717517,7974059,6692,7967366,3442473,6692,3435780,2885809,6692,2879117,7184500,6692,7177807,3009788,6692,3003095
151,666460,6438,660022,3861823,6438,3855385,1632882,6438,1626444,1591981,6438,1585542,4514999,6438,4508561,3020073,6438,3013634,3681817,6438,3675379,6509415,6438,6502976,2998915,6438,2992476,2296040,6438,2289602,5701027,6438,5694589,1861796,6438,1855357
152,650357,6489,643868,3884187,6489,3877697,1661187,6489,1654697,1835881,6489,1829391,4280080,6489,4273590,3377005,6489,3370516,3777724,6489,3771234,7356335,6489,7349845,2902755,6489,2896265,2757460,6489,2750971,6440643,6489,6434154,2376971,6489,2370482
153,660220,6437,653782,3938145,6437,3931708,1686561,6437,1680124,1590825,6437,1584387,4582134,6437,4575696,3029192,6437,3022754,3676304,6437,3669867,6489480,6437,6483043,3050225,6437,3043787,2297275,6437,2290838,5670286,6437,5663849,1835824,6437,1829387
154,791043,6685,784358,4826741,6685,4820055,2034693,6685,2028007,2377837,6685,2371151,5514871,6685,5508186,3991064,6685,3984378,3733356,6685,3726671,7678029,6685,7671343,3441481,6685,3434796,2828575,6685,2821890,6887849,6685,6881164,2524270,6685,2517584
155,660220,6437,653782,3938145,6437,3931708,1686561,6437,1680124,1590825,6437,1584387,4582134,6437,4575696,3029192,6437,3022754,3676304,6437,3669867,6489480,6437,6483043,3050225,6437,3043787,2297275,6437,2290838,5670286,6437,5663849,1835824,6437,1829387
156,761950,6772,755178,4873055,6772,4866283,2100139,6772,2093366,2581914,6772,2575142,5354963,6772,5348190,4528145,6772,4521372,4203922,6772,4197149,9106095,6772,9099322,3498030,6772,3491257,3525034,6772,3518262,8136154,6772,8129382,3250663,6772,3243890
157,660220,6437,653782,3938145,6437,3931708,1686561,6437,1680124,1590825,6437,1584387,4582134,6437,4575696,3029192,6437,3022754,3676304,6437,3669867,6489480,6437,6483043,3050225,6437,3043787,2297275,6437,2290838,5670286,6437,5663849,1835824,6437,1829387
158,722508,6539,715968,4373955,6539,4367416,1855524,6539,1848985,1914461,6539,1907922,5066849,6539,5060310,3476225,6539,3469686,3531532,6539,3524993,6807940,6539,6801401,3246074,6539,3239535,2431919,6539,2425380,6039974,6539,6033435,2149502,6539,2142963
159,658297,6453,651843,3954949,6453,3948495,1697095,6453,1690641,1665097,6453,1658644,4577249,6453,4570796,3057851,6453,3051397,3753968,6453,3747514,6685299,6453,6678845,3039519,6453,3033066,2404333,6453,2397879,5832892,6453,5826438,1878009,6453,1871555
160,771513,6687,764825,4730240,6687,4723552,2007214,6687,2000527,2331304,6687,2324616,5276790,6687,5270102,4057643,6687,4050955,3990517,6687,3983829,8253302,6687,8246614,3347736,6687,3341048,3114711,6687,3108024,7278094,6687,7271406,2780102,6687,2773414
161,658297,6453,651843,3954949,6453,3948495,1697095,6453,1690641,1665097,6453,1658644,4577249,6453,4570796,3057851,6453,3051397,3753968,6453,3747514,6685299,6453,6678845,3039519,6453,3033066,2404333,6453,2397879,5832892,6453,5826438,1878009,6453,1871555
162,724523,6644,717879,4645165,6644,4638521,2019416,6644,2012772,2112505,6644,2105860,5230506,6644,5223862,3968612,6644,3961967,3828769,6644,3822124,7655606,6644,7648961,3448693,6644,3442048,2787739,6644,2781095,6850677,6644,6844032,2498353,6644,2491709
163,658297,6453,651843,3954949,6453,3948495,1697095,6453,1690641,1665097,6453,1658644,4577249,6453,4570796,3057851,6453,3051397,3753968,6453,3747514,6685299,6453,6678845,3039519,6453,3033066,2404333,6453,2397879,5832892,6453,5826438,1878009,6453,1871555
164,769460,6666,762794,4656818,6666,4650152,1955100,6666,1948434,2359241,6666,2352575,5257353,6666,5250687,3814684,6666,3808018,3882830,6666,3876164,7999217,6666,7992551,3215198,6666,3208532,3068026,6666,3061360,6994186,6666,6987520,2631185,6666,2624519
165,658297,6453,651843,3954949,6453,3948495,1697095,6453,1690641,1665097,6453,1658644,4577249,6453,4570796,3057851,6453,3051397,3753968,6453,3747514,6685299,6453,6678845,3039519,6453,3033066,2404333,6453,2397879,5832892,6453,5826438,1878009,6453,1871555
166,713121,6625,706496,4326952,6625,4320327,1837288,6625,1830663,2346492,6625,2339867,4815996,6625,4809371,3646963,6625,3640338,4078996,6625,4072371,8193005,6625,8186380,3089930,6625,3083305,3216183,6625,3209558,7188982,6625,7182357,2602686,6625,2596061
167,658297,6453,651843,3954949,6453,3948495,1697095,6453,1690641,1665097,6453,1658644,4577249,6453,4570796,3057851,6453,3051397,3753968,6453,3747514,6685299,6453,6678845,3039519,6453,3033066,2404333,6453,2397879,5832892,6453,5826438,1878009,6453,1871555
168,767131,6705,760426,4678740,6705,4672035,1978690,6705,1971985,2575674,6705,2568969,5254037,6705,5247331,4105063,6705,4098358,4082013,6705,4075308,8441532,6705,8434827,3374254,6705,3367549,3215328,6705,3208623,7597520,6705,7590815,2738040,6705,2731335
169,658297,6453,651843,3954949,6453,3948495,1697095,6453,1690641,1665097,6453,1658644,4577249,6453,4570796,3057851,6453,3051397,3753968,6453,3747514,6685299,6453,6678845,3039519,6453,3033066,2404333,6453,2397879,5832892,6453,5826438,1878009,6453,1871555
170,671611,6661,664950,4202441,6661,4195780,1807803,6661,1801141,2211366,6661,2204704,4654043,6661,4647381,3905252,6661,3898590,4185192,6661,4178530,8651811,6661,8645149,3118595,6661,3111933,3350194,6661,3343533,7587631,6661,7580969,2936081,6661,2929420
171,658297,6453,651843,3954949,6453,3948495,1697095,6453,1690641,1665097,6453,1658644,4577249,6453,4570796,3057851,6453,3051397,3753968,6453,3747514,6685299,6453,6678845,3039519,6453,3033066,2404333,6453,2397879,5832892,6453,5826438,1878009,6453,1871555
172,743061,6757,736304,4909368,6757,4902611,2144525,6757,2137767,2682079,6757,2675322,5454617,6757,5447860,4247479,6757,4240722,4318256,6757,4311499,8931694,6757,8924937,3541089,6757,3534332,3488457,6757,3481700,7974806,6757,7968049,2843407,6757,2836650
173,658297,6453,651843,3954949,6453,3948495,1697095,6453,1690641,1665097,6453,1658644,4577249,6453,4570796,3057851,6453,3051397,3753968,6453,3747514,6685299,6453,6678845,3039519,6453,3033066,2404333,6453,2397879,5832892,6453,5826438,1878009,6453,1871555
174,811223,6797,804426,5086476,6797,5079679,2167419,6797,2160621,2975684,6797,2968886,5586556,6797,5579759,4440629,6797,4433832,4443544,6797,4436746,9474864,6797,9468067,3496508,6797,3489711,3797981,6797,3791184,8439082,6797,8432285,3147138,6797,3140341
175,658297,6453,651843,3954949,6453,3948495,1697095,6453,1690641,1665097,6453,1658644,4577249,6453,4570796,3057851,6453,3051397,3753968,6453,3747514,6685299,6453,6678845,3039519,6453,3033066,2404333,6453,2397879,5832892,6453,5826438,1878009,6453,1871555
176,716030,6646,709384,4482732,6646,4476086,1917773,6646,1911127,2317145,6646,2310498,5008000,6646,5001354,3724437,6646,3717791,3948211,6646,3941565,8091762,6646,8085116,3156402,6646,3149756,3165832,6646,3159186,7062840,6646,7056194,2643099,6646,2636453
177,658297,6453,651843,3954949,6453,3948495,1697095,6453,1690641,1665097,6453,1658644,4577249,6453,4570796,3057851,6453,3051397,3753968,6453,3747514,6685299,6453,6678845,3039519,6453,3033066,2404333,6453,2397879,5832892,6453,5826438,1878009,6453,1871555
178,814119,6754,807364,4831429,6754,4824674,2004760,6754,1998006,2945383,6754,2938629,5397231,6754,5390476,3971825,6754,3965070,4455115,6754,4448360,9262226,6754,9255471,3235126,6754,3228372,3779524,6754,3772769,8103852,6754,8097097,2935429,6754,2928674
179,658297,6453,651843,3954949,6453,3948495,1697095,6453,1690641,1665097,6453,1658644,4577249,6453,4570796,3057851,6453,3051397,3753968,6453,3747514,6685299,6453,6678845,3039519,6453,3033066,2404333,6453,2397879,5832892,6453,5826438,1878009,6453,1871555
180,772474,6692,765781,4619517,6692,4612824,1932843,6692,1926150,2761984,6692,2755291,5140732,6692,5134039,3748381,6692,3741688,4440883,6692,4434190,8942502,6692,8935809,3116371,6692,3109678,3615350,6692,3608657,7792787,6692,7786094,2675772,6692,2669080
181,658297,6453,651843,3954949,6453,3948495,1697095,6453,1690641,1665097,6453,1658644,4577249,6453,4570796,3057851,6453,3051397,3753968,6453,3747514,6685299,6453,6678845,3039519,6453,3033066,2404333,6453,2397879,5832892,6453,5826438,1878009,6453,1871555
182,728096,6675,721421,4541924,6675,4535249,1942512,6675,1935837,2241920,6675,2235244,5061662,6675,5054987,4189456,6675,4182781,3826598,6675,3819923,8162041,6675,8155366,3353346,6675,3346671,3018660,6675,3011985,7315679,6675,7309004,2894298,6675,2887622
183,658297,6453,651843,3954949,6453,3948495,1697095,6453,1690641,1665097,6453,1658644,4577249,6453,4570796,3057851,6453,3051397,3753968,6453,3747514,6685299,6453,6678845,3039519,6453,3033066,2404333,6453,2397879,5832892,6453,5826438,1878009,6453,1871555
184,730712,6662,724049,4478473,6662,4471811,1895705,6662,1889043,2605002,6662,2598340,5087218,6662,5080556,3524252,6662,3517590,4320816,6662,4314153,8469277,6662,8462615,3135653,6662,3128991,3380393,6662,3373731,7393713,6662,7387051,2403210,6662,2396548
185,658297,6453,651843,3954949,6453,3948495,1697095,6453,1690641,1665097,6453,1658644,4577249,6453,4570796,3057851,6453,3051397,3753968,6453,3747514,6685299,6453,6678845,3039519,6453,3033066,2404333,6453,2397879,5832892,6453,5826438,1878009,6453,1871555
186,765249,6734,758515,4641989,6734,4635254,1957111,6734,1950377,2407224,6734,2400490,5136119,6734,5129384,4283767,6734,4277033,4007833,6734,4001098,8769999,6734,8763264,3338205,6734,3331471,3377111,6734,3370377,7749956,6734,7743222,3252756,6734,3246021
187,658297,6453,651843,3954949,6453,3948495,1697095,6453,1690641,1665097,6453,1658644,4577249,6453,4570796,3057851,6453,3051397,3753968,6453,3747514,6685299,6453,6678845,3039519,6453,3033066,2404333,6453,2397879,5832892,6453,5826438,1878009,6453,1871555
188,734797,6684,728113,4591106,6684,4584422,1977663,6684,1970979,2050168,6684,2043484,5087583,6684,5080899,4233167,6684,4226482,3896884,6684,3890200,8146595,6684,8139911,3409551,6684,3402867,2993051,6684,2986367,7242099,6684,7235415,2971837,6684,2965153
189,658297,6453,651843,3954949,6453,3948495,1697095,6453,1690641,1665097,6453,1658644,4577249,6453,4570796,3057851,6453,3051397,3753968,6453,3747514,6685299,6453,6678845,3039519,6453,3033066,2404333,6453,2397879,5832892,6453,5826438,1878009,6453,1871555
190,773361,6594,766766,4572761,6594,4566166,1907081,6594,1900486,2121293,6594,2114698,5300345,6594,5293750,3419411,6594,3412816,3694709,6594,3688114,7164735,6594,7158140,3205987,6594,3199393,2679117,6594,2672523,6218916,6594,6212322,2219037,6594,2212443
191,658297,6453,651843,3954949,6453,3948495,1697095,6453,1690641,1665097,6453,1658644,4577249,6453,4570796,3057851,6453,3051397,3753968,6453,3747514,6685299,6453,6678845,3039519,6453,3033066,2404333,6453,2397879,5832892,6453,5826438,1878009,6453,1871555
192,693477,6807,686669,4795421,6807,4788614,2138888,6807,2132080,2737820,6807,2731012,5108649,6807,5101841,4927191,6807,4920384,4464046,6807,4457238,10070173,6807,10063365,3603473,6807,3596665,4032082,6807,4025274,9079053,6807,9072245,3809979,6807,3803171
193,658297,6453,651843,3954949,6453,3948495,1697095,6453,1690641,1665097,6453,1658644,4577249,6453,4570796,3057851,6453,3051397,3753968,6453,3747514,6685299,6453,6678845,3039519,6453,3033066,2404333,6453,2397879,5832892,6453,5826438,1878009,6453,1871555
194,657689,6623,651066,4396282,6623,4389658,1957357,6623,1950734,2169117,6623,2162494,4708667,6623,4702044,3983283,6623,3976659,4103847,6623,4097224,8383158,6623,8376535,3249276,6623,3242653,3231399,6623,3224775,7402243,6623,7395619,2784520,6623,2777896
195,658297,6453,651843,3954949,6453,3948495,1697095,6453,1690641,1665097,6453,1658644,4577249,6453,4570796,3057851,6453,3051397,3753968,6453,3747514,6685299,6453,6678845,3039519,6453,3033066,2404333,6453,2397879,5832892,6453,5826438,1878009,6453,1871555
196,713839,6593,707246,4136033,6593,4129440,1718478,6593,1711885,2231334,6593,2224741,4752974,6593,4746381,3286823,6593,3280229,4145627,6593,4139034,7915604,6593,7909011,2957073,6593,2950480,3074665,6593,3068072,6858237,6593,6851644,2300209,6593,2293615
197,658297,6453,651843,3954949,6453,3948495,1697095,6453,1690641,1665097,6453,1658644,4577249,6453,4570796,3057851,6453,3051397,3753968,6453,3747514,6685299,6453,6678845,3039519,6453,3033066,2404333,6453,2397879,5832892,6453,5826438,1878009,6453,1871555
198,736806,6702,730104,4681617,6702,4674914,2012441,6702,2005739,2493321,6702,2486619,5253283,6702,5246581,3966741,6702,3960038,4091013,6702,4084311,8437646,6702,8430944,3347200,6702,3340498,3294981,6702,3288278,7462727,6702,7456025,2750607,6702,2743905
199,658297,6453,651843,3954949,6453,3948495,1697095,6453,1690641,1665097,6453,1658644,4577249,6453,4570796,3057851,6453,3051397,3753968,6453,3747514,6685299,6453,6678845,3039519,6453,3033066,2404333,6453,2397879,5832892,6453,5826438,1878009,6453,1871555
200,717031,6652,710379,4371308,6652,4364656,1844884,6652,1838231,2564132,6652,2557479,4918183,6652,4911530,3575037,6652,3568384,4250148,6652,4243495,8560824,6652,8554172,3031801,6652,3025149,3466050,6652,3459397,7449837,6652,7443184,2619122,6652,2612469
201,658297,6453,651843,3954949,6453,3948495,1697095,6453,1690641,1665097,6453,1658644,4577249,6453,4570796,3057851,6453,3051397,3753968,6453,3747514,6685299,6453,6678845,3039519,6453,3033066,2404333,6453,2397879,5832892,6453,5826438,1878009,6453,1871555
202,776833,6675,770157,4946178,6675,4939502,2125099,6675,2118423,2336882,6675,2330206,5568728,6675,5562052,3976220,6675,3969544,3794153,6675,3787477,7787381,6675,7780705,3466253,6675,3459577,2921750,6675,2915075,6871874,6675,6865198,2542399,6675,2535723
203,658297,6453,651843,3954949,6453,3948495,1697095,6453,1690641,1665097,6453,1658644,4577249,6453,4570796,3057851,6453,3051397,3753968,6453,3747514,6685299,6453,6678845,3039519,6453,3033066,2404333,6453,2397879,5832892,6453,5826438,1878009,6453,1871555
204,771305,6698,764607,4597623,6698,4590925,1921462,6698,1914763,2590894,6698,2584196,5186844,6698,5180146,3878747,6698,3872049,4204720,6698,4198022,8543666,6698,8536968,3234346,6698,3227648,3311060,6698,3304362,7557401,6698,7550703,2658572,6698,2651874
205,658297,6453,651843,3954949,6453,3948495,1697095,6453,1690641,1665097,6453,1658644,4577249,6453,4570796,3057851,6453,3051397,3753968,6453,3747514,6685299,6453,6678845,3039519,6453,3033066,2404333,6453,2397879,5832892,6453,5826438,1878009,6453,1871555
206,672790,6711,666078,4624761,6711,4618049,2075148,6711,2068436,2405978,6711,2399266,4951431,6711,4944719,4280476,6711,4273765,4453608,6711,4446896,9231779,6711,9225067,3440340,6711,3433628,3637260,6711,3630548,8154783,6711,8148071,3102290,6711,3095578
207,658297,6453,651843,3954949,6453,3948495,1697095,6453,1690641,1665097,6453,1658644,4577249,6453,4570796,3057851,6453,3051397,3753968,6453,3747514,6685299,6453,6678845,3039519,6453,3033066,2404333,6453,2397879,5832892,6453,5826438,1878009,6453,1871555
208,744799,6693,738105,4737989,6693,4731295,2044951,6693,2038257,2193175,6693,2186481,5242418,6693,5235724,4244970,6693,4238276,3717295,6693,3710601,8016482,6693,8009788,3442320,6693,3435626,3000619,6693,2993925,7144291,6693,7137597,2980621,6693,2973927
209,657394,6462,650932,3963661,6462,3957199,1702480,6462,1696018,1704647,6462,1698185,4575202,6462,4568740,3072523,6462,3066061,3794906,6462,3788444,6787238,6462,6780776,3034413,6462,3027951,2460392,6462,2453930,5918244,6462,5911782,1899771,6462,1893309
210,769389,6826,762563,5094472,6826,5087646,2229878,6826,2223052,2539319,6826,2532493,5491695,6826,5484869,5091019,6826,5084193,4064996,6826,4058170,9418805,6826,9411979,3761707,6826,3754880,3606443,6826,3599616,8514711,6826,8507885,3803583,6826,3796757
211,657394,6462,650932,3963661,6462,3957199,1702480,6462,1696018,1704647,6462,1698185,4575202,6462,4568740,3072523,6462,3066061,3794906,6462,3788444,6787238,6462,6780776,3034413,6462,3027951,2460392,6462,2453930,5918244,6462,5911782,1899771,6462,1893309
212,746054,6706,739347,4700544,6706,4693838,2019204,6706,2012497,2409786,6706,2403080,5146362,6706,5139655,4188861,6706,4182154,4108299,6706,4101593,8745714,6706,8739007,3330122,6706,3323416,3406810,6706,3400104,7683510,6706,7676803,3077666,6706,3070960
213,657394,6462,650932,3963661,6462,3957199,1702480,6462,1696018,1704647,6462,1698185,4575202,6462,4568740,3072523,6462,3066061,3794906,6462,3788444,6787238,6462,6780776,3034413,6462,3027951,2460392,6462,2453930,5918244,6462,5911782,1899771,6462,1893309
214,734958,6676,728281,4506037,6676,4499361,1917074,6676,1910397,2419135,6676,2412459,4941430,6676,4934754,3924873,6676,3918197,4209236,6676,4202559,8739394,6676,8732717,3158639,6676,3151962,3462904,6676,3456227,7614979,6676,7608302,2946858,6676,2940181
215,657394,6462,650932,3963661,6462,3957199,1702480,6462,1696018,1704647,6462,1698185,4575202,6462,4568740,3072523,6462,3066061,3794906,6462,3788444,6787238,6462,6780776,3034413,6462,3027951,2460392,6462,2453930,5918244,6462,5911782,1899771,6462,1893309
216,776545,6793,769751,5077268,6793,5070474,2203988,6793,2197195,2830376,6793,2823583,5629603,6793,5622810,4319491,6793,4312698,4378134,6793,4371341,9171245,6793,9164452,3576531,6793,3569738,3662636,6793,3655843,8153738,6793,8146945,2993014,6793,2986221
217,657394,6462,650932,3963661,6462,3957199,1702480,6462,1696018,1704647,6462,1698185,4575202,6462,4568740,3072523,6462,3066061,3794906,6462,3788444,6787238,6462,6780776,3034413,6462,3027951,2460392,6462,2453930,5918244,6462,5911782,1899771,6462,1893309
218,651412,6578,644833,4280643,6578,4274064,1895210,6578,1888631,2008311,6578,2001732,4764450,6578,4757871,3478943,6578,3472364,4134715,6578,4128136,7880930,6578,7874351,3195948,6578,3189369,3031434,6578,3024855,6830923,6578,6824344,2355946,6578,2349367
219,651127,6456,644671,3939643,6456,3933187,1697075,6456,1690619,1682806,6456,1676350,4538963,6456,4532507,3064768,6456,3058312,3800288,6456,3793831,6780220,6456,6773764,3029794,6456,3023338,2456851,6456,2450395,5912091,6456,5905635,1896626,6456,1890170
220,774962,6770,768192,4857920,6770,4851150,2076438,6770,2069668,2741819,6770,2735049,5321697,6770,5314927,4409170,6770,4402400,4361686,6770,4354916,9309136,6770,9302366,3409282,6770,3402512,3687102,6770,3680332,8282858,6770,8276088,3194870,6770,3188100
221,651127,6456,644671,3939643,6456,3933187,1697075,6456,1690619,1682806,6456,1676350,4538963,6456,4532507,3064768,6456,3058312,3800288,6456,3793831,6780220,6456,6773764,3029794,6456,3023338,2456851,6456,2450395,5912091,6456,5905635,1896626,6456,1890170
222,671991,6552,665439,4348486,6552,4341933,1908232,6552,1901680,1923610,6552,1917058,4864193,6552,4857641,3583661,6552,3577109,3790996,6552,3784444,7336530,6552,7329978,3223489,6552,3216936,2725772,6552,2719220,6451276,6552,6444724,2302757,6552,2296205
223,649277,6472,642804,3957196,6472,3950723,1707961,6472,1701489,1765842,6472,1759369,4535356,6472,4528883,3094489,6472,3088016,3885429,6472,3878956,6990230,6472,6983757,3020140,6472,3013667,2572984,6472,2566511,6089292,6472,6082819,1941054,6472,1934582
224,731113,6705,724408,4622710,6705,4616004,1984818,6705,1978112,2415931,6705,2409225,5081210,6705,5074504,4329650,6705,4322944,4006743,6705,4000038,8662223,6705,8655517,3344002,6705,3337296,3297073,6705,3290368,7742251,6705,7735545,3073930,6705,3067224
225,649277,6472,642804,3957196,6472,3950723,1707961,6472,1701489,1765842,6472,1759369,4535356,6472,4528883,3094489,6472,3088016,3885429,6472,3878956,6990230,6472,6983757,3020140,6472,3013667,2572984,6472,2566511,6089292,6472,6082819,1941054,6472,1934582
226,727707,6694,721013,4639110,6694,4632416,2010941,6694,2004246,2356797,6694,2350103,5131188,6694,5124494,4046282,6694,4039587,4162175,6694,4155480,8560320,6694,8553626,3380136,6694,3373441,3320002,6694,3313307,7550118,6694,7543424,2881255,6694,2874561
227,649277,6472,642804,3957196,6472,3950723,1707961,6472,1701489,1765842,6472,1759369,4535356,6472,4528883,3094489,6472,3088016,3885429,6472,3878956,6990230,6472,6983757,3020140,6472,3013667,2572984,6472,2566511,6089292,6472,6082819,1941054,6472,1934582
228,647377,6669,640707,4433033,6669,4426364,1994142,6669,1987473,2274732,6669,2268063,4717962,6669,4711293,4380187,6669,4373518,4122242,6669,4115573,8743977,6669,8737308,3437274,6669,3430605,3333976,6669,3327307,7912140,6669,7905470,3085553,6669,3078884
229,649277,6472,642804,3957196,6472,3950723,1707961,6472,1701489,1765842,6472,1759369,4535356,6472,4528883,3094489,6472,3088016,3885429,6472,3878956,6990230,6472,6983757,3020140,6472,3013667,2572984,6472,2566511,6089292,6472,6082819,1941054,6472,1934582
230,766553,6756,759797,4667549,6756,4660793,1968719,6756,1961963,2557875,6756,2551118,5153454,6756,5146698,4415451,6756,4408695,4093942,6756,4087186,9000495,6756,8993739,3363784,6756,3357028,3477650,6756,3470894,8041271,6756,8034515,3294962,6756,3288206
231,649277,6472,642804,3957196,6472,3950723,1707961,6472,1701489,1765842,6472,1759369,4535356,6472,4528883,3094489,6472,3088016,3885429,6472,3878956,6990230,6472,6983757,3020140,6472,3013667,2572984,6472,2566511,6089292,6472,6082819,1941054,6472,1934582
232,752589,6763,745826,4568192,6763,4561429,1932243,6763,1925480,2836372,6763,2829609,5042407,6763,5035644,4173287,6763,4166524,4601406,6763,4594643,9586652,6763,9579889,3281403,6763,3274640,3866683,6763,3859920,8521971,6763,8515208,3142297,6763,3135534
233,649277,6472,642804,3957196,6472,3950723,1707961,6472,1701489,1765842,6472,1759369,4535356,6472,4528883,3094489,6472,3088016,3885429,6472,3878956,6990230,6472,6983757,3020140,6472,3013667,2572984,6472,2566511,6089292,6472,6082819,1941054,6472,1934582
234,710618,6646,703971,4408493,6646,4401847,1894509,6646,1887863,2345332,6646,2338686,4893768,6646,4887122,3912429,6646,3905783,4121605,6646,4114959,8314747,6646,8308101,3258987,6646,3252341,3175139,6646,3168493,7423053,6646,7416407,2666309,6646,2659663
235,649277,6472,642804,3957196,6472,3950723,1707961,6472,1701489,1765842,6472,1759369,4535356,6472,4528883,3094489,6472,3088016,3885429,6472,3878956,6990230,6472,6983757,3020140,6472,3013667,2572984,6472,2566511,6089292,6472,6082819,1941054,6472,1934582
236,706565,6682,699882,4457271,6682,4450589,1922197,6682,1915515,2379572,6682,2372890,4935895,6682,4929213,4126679,6682,4119997,4152674,6682,4145992,8562246,6682,8555564,3296022,6682,3289340,3252998,6682,3246315,7676711,6682,7670029,2825971,6682,2819288
237,649277,6472,642804,3957196,6472,3950723,1707961,6472,1701489,1765842,6472,1759369,4535356,6472,4528883,3094489,6472,3088016,3885429,6472,3878956,6990230,6472,6983757,3020140,6472,3013667,2572984,6472,2566511,6089292,6472,6082819,1941054,6472,1934582
238,700675,6677,693997,4640518,6677,4633840,2037029,6677,2030351,2419764,6677,2413086,5138872,6677,5132194,3810730,6677,3804052,4291732,6677,4285054,8628109,6677,8621431,3303947,6677,3297269,3441771,6677,3435093,7494303,6677,7487625,2697017,6677,2690340
239,649277,6472,642804,3957196,6472,3950723,1707961,6472,1701489,1765842,6472,1759369,4535356,6472,4528883,3094489,6472,3088016,3885429,6472,3878956,6990230,6472,6983757,3020140,6472,3013667,2572984,6472,2566511,6089292,6472,6082819,1941054,6472,1934582
240,731059,6606,724452,4325797,6606,4319190,1817707,6606,1811100,2162847,6606,2156240,4941092,6606,4934485,3613193,6606,3606586,3994808,6606,3988201,7760581,6606,7753974,3171673,6606,3165066,2885879,6606,2879272,6855287,6606,6848680,2378589,6606,2371982
241,649277,6472,642804,3957196,6472,3950723,1707961,6472,1701489,1765842,6472,1759369,4535356,6472,4528883,3094489,6472,3088016,3885429,6472,3878956,6990230,6472,6983757,3020140,6472,3013667,2572984,6472,2566511,6089292,6472,6082819,1941054,6472,1934582
242,730989,6735,724254,4690884,6735,4684148,2037196,6735,2030460,2657773,6735,2651037,5078141,6735,5071405,4209469,6735,4202733,4518248,6735,4511512,9424522,6735,9417787,3345540,6735,3338805,3781844,6735,3775108,8296721,6735,8289986,3124175,6735,3117439
243,649277,6472,642804,3957196,6472,3950723,1707961,6472,1701489,1765842,6472,1759369,4535356,6472,4528883,3094489,6472,3088016,3885429,6472,3878956,6990230,6472,6983757,3020140,6472,3013667,2572984,6472,2566511,6089292,6472,6082819,1941054,6472,1934582
244,692722,6702,686020,4663598,6702,4656895,2065722,6702,2059019,2294327,6702,2287625,5119705,6702,5113003,4334054,6702,4327351,3973903,6702,3967201,8467187,6702,8460485,3531276,6702,3524574,3202306,6702,3195604,7616814,6702,7610112,3004961,6702,2998259
245,649277,6472,642804,3957196,6472,3950723,1707961,6472,1701489,1765842,6472,1759369,4535356,6472,4528883,3094489,6472,3088016,3885429,6472,3878956,6990230,6472,6983757,3020140,6472,3013667,2572984,6472,2566511,6089292,6472,6082819,1941054,6472,1934582
246,710984,6709,704274,4465236,6709,4458527,1921144,6709,1914435,2655661,6709,2648951,4879190,6709,4872481,4122711,6709,4116002,4406878,6709,4400169,9196797,6709,9190087,3260585,6709,3253876,3638857,6709,3632148,8196212,6709,8189503,2995007,6709,2988298
247,649277,6472,642804,3957196,6472,3950723,1707961,6472,1701489,1765842,6472,1759369,4535356,6472,4528883,3094489,6472,3088016,3885429,6472,3878956,6990230,6472,6983757,3020140,6472,3013667,2572984,6472,2566511,6089292,6472,6082819,1941054,6472,1934582
248,706892,6687,700204,4535742,6687,4529054,1966029,6687,1959341,2704539,6687,2697851,4993587,6687,4986899,3783762,6687,3777074,4525380,6687,4518692,9032258,6687,9025570,3176295,6687,3169607,3684139,6687,3677451,7919856,6687,7913168,2674764,6687,2668076
249,649277,6472,642804,3957196,6472,3950723,1707961,6472,1701489,1765842,6472,1759369,4535356,6472,4528883,3094489,6472,3088016,3885429,6472,3878956,6990230,6472,6983757,3020140,6472,3013667,2572984,6472,2566511,6089292,6472,6082819,1941054,6472,1934582
250,770447,6745,763702,4783415,6745,4776669,2032233,6745,2025487,2550503,6745,2543757,5264382,6745,5257636,4398025,6745,4391279,4004417,6745,3997671,8831516,6745,8824770,3375421,6745,3368675,3447406,6745,3440660,7861887,6745,7855141,3261707,6745,3254961
251,649277,6472,642804,3957196,6472,3950723,1707961,6472,1701489,1765842,6472,1759369,4535356,6472,4528883,3094489,6472,3088016,3885429,6472,3878956,6990230,6472,6983757,3020140,6472,3013667,2572984,6472,2566511,6089292,6472,6082819,1941054,6472,1934582
252,689750,6552,683197,4179943,6552,4173391,1773118,6552,1766565,2006778,6552,2000226,4837026,6552,4830474,3335213,6552,3328661,3805990,6552,3799437,7287550,6552,7280997,3105632,6552,3099080,2696558,6552,2690005,6380420,6552,6373868,2163914,6552,2157362
253,650194,6464,643730,3948195,6464,3941730,1702405,6464,1695941,1722918,6464,1716454,4537043,6464,4530579,3079312,6464,3072848,3841549,6464,3835085,6882412,6464,6875947,3024942,6464,3018478,2513253,6464,2506789,5998085,6464,5991621,1918310,6464,1911846
254,746933,6787,740146,4830632,6787,4823844,2098553,6787,2091765,2897928,6787,2891141,5224585,6787,5217797,4466104,6787,4459316,4585685,6787,4578897,9852679,6787,9845892,3469669,6787,3462881,4013980,6787,4007193,8770858,6787,8764071,3394600,6787,3387813
255,650194,6464,643730,3948195,6464,3941730,1702405,6464,1695941,1722918,6464,1716454,4537043,6464,4530579,3079312,6464,3072848,3841549,6464,3835085,6882412,6464,6875947,3024942,6464,3018478,2513253,6464,2506789,5998085,6464,5991621,1918310,6464,1911846
256,731822,6591,725230,4301719,6591,4295127,1802871,6591,1796279,2071415,6591,2064823,4818170,6591,4811578,3640849,6591,3634257,3757813,6591,3751221,7608251,6591,7601659,3067596,6591,3061005,2892387,6591,2885795,6660956,6591,6654364,2612449,6591,2605857
257,650194,6464,643730,3948195,6464,3941730,1702405,6464,1695941,1722918,6464,1716454,4537043,6464,4530579,3079312,6464,3072848,3841549,6464,3835085,6882412,6464,6875947,3024942,6464,3018478,2513253,6464,2506789,5998085,6464,5991621,1918310,6464,1911846
258,743327,6683,736644,4676419,6683,4669735,2003674,6683,1996991,2447142,6683,2440459,5248898,6683,5242215,3864744,6683,3858061,4020798,6683,4014115,8211658,6683,8204975,3315799,6683,3309115,3193388,6683,3186705,7241698,6683,7235014,2637373,6683,2630690
259,650194,6464,643730,3948195,6464,3941730,1702405,6464,1695941,1722918,6464,1716454,4537043,6464,4530579,3079312,6464,3072848,3841549,6464,3835085,6882412,6464,6875947,3024942,6464,3018478,2513253,6464,2506789,5998085,6464,5991621,1918310,6464,1911846
260,670064,6809,663255,4710504,6809,4703695,2122609,6809,2115800,2765515,6809,2758706,4972669,6809,4965860,4964861,6809,4958052,4593952,6809,4587143,10291550,6809,10284741,3622872,6809,3616063,4139295,6809,4132486,9317471,6809,9310662,3862293,6809,3855484
261,650194,6464,643730,3948195,6464,3941730,1702405,6464,1695941,1722918,6464,1716454,4537043,6464,4530579,3079312,6464,3072848,3841549,6464,3835085,6882412,6464,6875947,3024942,6464,3018478,2513253,6464,2506789,5998085,6464,5991621,1918310,6464,1911846
262,690742,6743,683999,4492235,6743,4485491,1959965,6743,1953221,2723119,6743,2716375,4852399,6743,4845655,4265831,6743,4259087,4610087,6743,4603343,9759263,6743,9752519,3268498,6743,3261754,3974385,6743,3967641,8637972,6743,8631229,3301615,6743,3294872
263,650194,6464,643730,3948195,6464,3941730,1702405,6464,1695941,1722918,6464,1716454,4537043,6464,4530579,3079312,6464,3072848,3841549,6464,3835085,6882412,6464,6875947,3024942,6464,3018478,2513253,6464,2506789,5998085,6464,5991621,1918310,6464,1911846
264,670932,6658,664273,4608385,6658,4601726,2067333,6658,2060674,2145496,6658,2138837,5019553,6658,5012895,4194610,6658,4187952,3953399,6658,3946740,8134264,6658,8127605,3488463,6658,3481804,3039493,6658,3032835,7306515,6658,7299856,2762341,6658,2755682
265,650194,6464,643730,3948195,6464,3941730,1702405,6464,1695941,1722918,6464,1716454,4537043,6464,4530579,3079312,6464,3072848,3841549,6464,3835085,6882412,6464,6875947,3024942,6464,3018478,2513253,6464,2506789,5998085,6464,5991621,1918310,6464,1911846
266,753901,6673,747227,4752165,6673,4745491,2044606,6673,2037932,2294900,6673,2288226,5281296,6673,5274622,4082364,6673,4075691,3859108,6673,3852434,7996993,6673,7990319,3419761,6673,3413087,2989362,6673,2982688,7124178,6673,7117505,2702509,6673,2695835
267,650194,6464,643730,3948195,6464,3941730,1702405,6464,1695941,1722918,6464,1716454,4537043,6464,4530579,3079312,6464,3072848,3841549,6464,3835085,6882412,6464,6875947,3024942,6464,3018478,2513253,6464,2506789,5998085,6464,5991621,1918310,6464,1911846
268,675768,6645,669122,4483581,6645,4476936,1981017,6645,1974371,2270595,6645,2263949,4810850,6645,4804204,4008431,6645,4001785,4112380,6645,4105735,8655573,6645,8648927,3240665,6645,3234019,3447620,6645,3440974,7556530,6645,7549885,3038059,6645,3031413
269,650194,6464,643730,3948195,6464,3941730,1702405,6464,1695941,1722918,6464,1716454,4537043,6464,4530579,3079312,6464,3072848,3841549,6464,3835085,6882412,6464,6875947,3024942,6464,3018478,2513253,6464,2506789,5998085,6464,5991621,1918310,6464,1911846
270,671919,6690,665228,4496088,6690,4489397,1994186,6690,1987495,2459772,6690,2453081,4888237,6690,4881547,4029779,6690,4023088,4441371,6690,4434680,8969472,6690,8962781,3321997,6690,3315306,3536112,6690,3529421,7940180,6690,7933489,2814547,6690,2807856
271,650194,6464,643730,3948195,6464,3941730,1702405,6464,1695941,1722918,6464,1716454,4537043,6464,4530579,3079312,6464,3072848,3841549,6464,3835085,6882412,6464,6875947,3024942,6464,3018478,2513253,6464,2506789,5998085,6464,5991621,1918310,6464,1911846
272,719989,6674,713314,4422023,6674,4415349,1887725,6674,1881051,2224812,6674,2218137,4948606,6674,4941931,3879566,6674,3872891,4089646,6674,4082971,8342174,6674,8335500,3251318,6674,3244643,3193812,6674,3187137,7327082,6674,7320407,2809237,6674,2802563
273,650194,6464,643730,3948195,6464,3941730,1702405,6464,1695941,1722918,6464,1716454,4537043,6464,4530579,3079312,6464,3072848,3841549,6464,3835085,6882412,6464,6875947,3024942,6464,3018478,2513253,6464,2506789,5998085,6464,5991621,1918310,6464,1911846
274,691160,6653,684507,4438270,6653,4431617,1920633,6653,1913980,2607114,6653,2600461,4976515,6653,4969862,3608362,6653,3601709,4423697,6653,4417044,8666224,6653,8659571,3147958,6653,3141305,3479201,6653,3472548,7597401,6653,7590748,2436635,6653,2429982
275,650194,6464,643730,3948195,6464,3941730,1702405,6464,1695941,1722918,6464,1716454,4537043,6464,4530579,3079312,6464,3072848,3841549,6464,3835085,6882412,6464,6875947,3024942,6464,3018478,2513253,6464,2506789,5998085,6464,5991621,1918310,6464,1911846
276,697554,6716,690837,4729417,6716,4722701,2096618,6716,2089902,2747967,6716,2741250,5122159,6716,5115442,4123134,6716,4116418,4466276,6716,4459560,9226629,6716,9219912,3409018,6716,3402302,3717773,6716,3711056,8187721,6716,8181005,2878407,6716,2871691
277,650194,6464,643730,3948195,6464,3941730,1702405,6464,1695941,1722918,6464,1716454,4537043,6464,4530579,3079312,6464,3072848,3841549,6464,3835085,6882412,6464,6875947,3024942,6464,3018478,2513253,6464,2506789,5998085,6464,5991621,1918310,6464,1911846
278,670495,6684,663810,4453509,6684,4446824,1958500,6684,1951815,2552373,6684,2545688,4853577,6684,4846892,3999872,6684,3993187,4367051,6684,4360366,9023018,6684,9016333,3235425,6684,3228740,3600840,6684,3594155,7970813,6684,7964128,2873240,6684,2866556
279,650194,6464,643730,3948195,6464,3941730,1702405,6464,1695941,1722918,6464,1716454,4537043,6464,4530579,3079312,6464,3072848,3841549,6464,3835085,6882412,6464,6875947,3024942,6464,3018478,2513253,6464,2506789,5998085,6464,5991621,1918310,6464,1911846
280,659432,6731,652700,4573902,6731,4567171,2059453,6731,2052721,2574797,6731,2568065,4831501,6731,4824769,4454016,6731,4447284,4522183,6731,4515451,9667616,6731,9660884,3428759,6731,3422027,3910266,6731,3903535,8608113,6731,8601381,3410382,6731,3403650
281,650194,6464,643730,3948195,6464,3941730,1702405,6464,1695941,1722918,6464,1716454,4537043,6464,4530579,3079312,6464,3072848,3841549,6464,3835085,6882412,6464,6875947,3024942,6464,3018478,2513253,6464,2506789,5998085,6464,5991621,1918310,6464,1911846
282,731903,6685,725218,4492111,6685,4485425,1902589,6685,1895904,2528613,6685,2521928,5009057,6685,5002371,3897284,6685,3890599,4150162,6685,4143477,8604219,6685,8597534,3175907,6685,3169222,3379735,6685,3373050,7586968,6685,7580283,2789039,6685,2782354
283,650194,6464,643730,3948195,6464,3941730,1702405,6464,1695941,1722918,6464,1716454,4537043,6464,4530579,3079312,6464,3072848,3841549,6464,3835085,6882412,6464,6875947,3024942,6464,3018478,2513253,6464,2506789,5998085,6464,5991621,1918310,6464,1911846
284,700071,6715,693355,4723860,6715,4717144,2088342,6715,2081626,2511930,6715,2505214,5092665,6715,5085949,4373019,6715,4366303,4125766,6715,4119050,8948867,6715,8942152,3435057,6715,3428341,3526769,6715,3520053,7976056,6715,7969340,3174327,6715,3167611
285,650194,6464,643730,3948195,6464,3941730,1702405,6464,1695941,1722918,6464,1716454,4537043,6464,4530579,3079312,6464,3072848,3841549,6464,3835085,6882412,6464,6875947,3024942,6464,3018478,2513253,6464,2506789,5998085,6464,5991621,1918310,6464,1911846
286,797329,6874,790455,5068993,6874,5062119,2173356,6874,2166482,2943695,6874,2936821,5526169,6874,5519295,4885947,6874,4879073,4612000,6874,4605126,10265701,6874,10258827,3612182,6874,3605308,4122353,6874,4115479,9154790,6874,9147916,3785023,6874,3778149
287,650194,6464,643730,3948195,6464,3941730,1702405,6464,1695941,1722918,6464,1716454,4537043,6464,4530579,3079312,6464,3072848,3841549,6464,3835085,6882412,6464,6875947,3024942,6464,3018478,2513253,6464,2506789,5998085,6464,5991621,1918310,6464,1911846
288,673274,6602,666672,4265496,6602,4258894,1849549,6602,1842947,2072960,6602,2066358,4667345,6602,4660742,3761771,6602,3755169,3922638,6602,3916036,8089220,6602,8082618,3084118,6602,3077516,3148739,6602,3142137,7039085,6602,7032483,2806416,6602,2799814
289,650194,6464,643730,3948195,6464,3941730,1702405,6464,1695941,1722918,6464,1716454,4537043,6464,4530579,3079312,6464,3072848,3841549,6464,3835085,6882412,6464,6875947,3024942,6464,3018478,2513253,6464,2506789,5998085,6464,5991621,1918310,6464,1911846
290,654443,6465,647977,4003991,6465,3997525,1730676,6465,1724210,1705014,6465,1698548,4533690,6465,4527225,3222072,6465,3215606,3660707,6465,3654241,6813444,6465,6806979,3041707,6465,3035241,2496523,6465,2490057,5961385,6465,5954920,2100139,6465,2093674
291,651213,6485,644727,4134769,6485,4128284,1815382,6485,1808896,1704167,6485,1697681,4641272,6485,4634787,3330467,6485,3323981,3666314,6485,3659829,6860288,6485,6853803,3141776,6485,3135290,2513002,6485,2506517,6010354,6485,6003868,2135959,6485,2129473
292,762999,6714,756285,4829493,6714,4822779,2074747,6714,2068033,2230648,6714,2223934,5372884,6714,5366170,4257067,6714,4250352,3770355,6714,3763640,8169516,6714,8162801,3461871,6714,3455157,3105169,6714,3098455,7216689,6714,7209975,3082865,6714,3076151
293,651213,6485,644727,4134769,6485,4128284,1815382,6485,1808896,1704167,6485,1697681,4641272,6485,4634787,3330467,6485,3323981,3666314,6485,3659829,6860288,6485,6853803,3141776,6485,3135290,2513002,6485,2506517,6010354,6485,6003868,2135959,6485,2129473
294,737520,6652,730868,4883772,6652,4877120,2140719,6652,2134067,2164682,6652,2158030,5447549,6652,5440897,4042464,6652,4035812,3655599,6652,3648947,7583983,6652,7577331,3527223,6652,3520571,2807347,6652,2800695,6732524,6652,6725872,2592887,6652,2586235
295,651213,6485,644727,4134769,6485,4128284,1815382,6485,1808896,1704167,6485,1697681,4641272,6485,4634787,3330467,6485,3323981,3666314,6485,3659829,6860288,6485,6853803,3141776,6485,3135290,2513002,6485,2506517,6010354,6485,6003868,2135959,6485,2129473
296,688160,6716,681444,4881980,6716,4875264,2212449,6716,2205733,2106667,6716,2099951,5160358,6716,5153641,5005892,6716,4999176,3662827,6716,3656111,8490108,6716,8483391,3761119,6716,3754403,3108688,6716,3101971,7780288,6716,7773572,3535850,6716,3529134
297,651213,6485,644727,4134769,6485,4128284,1815382,6485,1808896,1704167,6485,1697681,4641272,6485,4634787,3330467,6485,3323981,3666314,6485,3659829,6860288,6485,6853803,3141776,6485,3135290,2513002,6485,2506517,6010354,6485,6003868,2135959,6485,2129473
298,711625,6711,704914,4813181,6711,4806470,2137449,6711,2130737,2286350,6711,2279639,5148519,6711,5141808,4548056,6711,4541345,3899832,6711,3893121,8679100,6711,8672388,3550572,6711,3543860,3345492,6711,3338781,7745481,6711,7738769,3354549,6711,3347838
299,651213,6485,644727,4134769,6485,4128284,1815382,6485,1808896,1704167,6485,1697681,4641272,6485,4634787,3330467,6485,3323981,3666314,6485,3659829,6860288,6485,6853803,3141776,6485,3135290,2513002,6485,2506517,6010354,6485,6003868,2135959,6485,2129473
300,704582,6710,697872,4650808,6710,4644098,2040707,6710,2033997,2653998,6710,2647288,4988811,6710,4982100,4170917,6710,4164207,4402294,6710,4395584,9394535,6710,9387825,3282245,6710,3275535,3884619,6710,3877909,8229655,6710,8222945,3274102,6710,3267392
301,651213,6485,644727,4134769,6485,4128284,1815382,6485,1808896,1704167,6485,1697681,4641272,6485,4634787,3330467,6485,3323981,3666314,6485,3659829,6860288,6485,6853803,3141776,6485,3135290,2513002,6485,2506517,6010354,6485,6003868,2135959,6485,2129473
302,673962,6607,667355,4538951,6607,4532344,2017868,6607,2011261,2023409,6607,2016801,4971695,6607,4965088,3986536,6607,3979929,3680479,6607,3673871,7638723,6607,7632116,3385728,6607,3379121,2849638,6607,2843031,6802908,6607,6796301,2672446,6607,2665839
303,651213,6485,644727,4134769,6485,4128284,1815382,6485,1808896,1704167,6485,1697681,4641272,6485,4634787,3330467,6485,3323981,3666314,6485,3659829,6860288,6485,6853803,3141776,6485,3135290,2513002,6485,2506517,6010354,6485,6003868,2135959,6485,2129473
304,727142,6696,720446,4833193,6696,4826496,2124580,6696,2117883,2424113,6696,2417416,5220098,6696,5213401,4296432,6696,4289735,3946147,6696,3939450,8537517,6696,8530820,3425774,6696,3419077,3368230,6696,3361533,7571278,6696,7564581,3098538,6696,3091841
305,651213,6485,644727,4134769,6485,4128284,1815382,6485,1808896,1704167,6485,1697681,4641272,6485,4634787,3330467,6485,3323981,3666314,6485,3659829,6860288,6485,6853803,3141776,6485,3135290,2513002,6485,2506517,6010354,6485,6003868,2135959,6485,2129473
306,658236,6596,651639,4439797,6596,4433200,1981144,6596,1974548,1922678,6596,1916081,4788775,6596,4782179,4212605,6596,4206008,3503092,6596,3496495,7598699,6596,7592102,3406107,6596,3399510,2771673,6596,2765076,6868185,6596,6861588,2900450,6596,2893854
307,651213,6485,644727,4134769,6485,4128284,1815382,6485,1808896,1704167,6485,1697681,4641272,6485,4634787,3330467,6485,3323981,3666314,6485,3659829,6860288,6485,6853803,3141776,6485,3135290,2513002,6485,2506517,6010354,6485,6003868,2135959,6485,2129473
308,749627,6759,742867,4818572,6759,4811812,2078722,6759,2071962,2816385,6759,2809625,5292113,6759,5285354,4129676,6759,4122916,4442394,6759,4435634,9394005,6759,9387246,3344622,6759,3337862,3873569,6759,3866809,8230974,6759,8224214,3145757,6759,3138998
309,651213,6485,644727,4134769,6485,4128284,1815382,6485,1808896,1704167,6485,1697681,4641272,6485,4634787,3330467,6485,3323981,3666314,6485,3659829,6860288,6485,6853803,3141776,6485,3135290,2513002,6485,2506517,6010354,6485,6003868,2135959,6485,2129473
310,706732,6682,700050,4882339,6682,4875656,2183832,6682,2177150,2353274,6682,2346591,5323704,6682,5317022,4115042,6682,4108360,4045312,6682,4038629,8333919,6682,8327237,3549765,6682,3543082,3219527,6682,3212845,7369828,6682,7363145,2735681,6682,2728998
311,651213,6485,644727,4134769,6485,4128284,1815382,6485,1808896,1704167,6485,1697681,4641272,6485,4634787,3330467,6485,3323981,3666314,6485,3659829,6860288,6485,6853803,3141776,6485,3135290,2513002,6485,2506517,6010354,6485,6003868,2135959,6485,2129473
312,739965,6705,733259,4900921,6705,4894215,2141997,6705,2135291,2694701,6705,2687996,5348845,6705,5342140,4063188,6705,4056482,4229811,6705,4223106,8851152,6705,8844447,3376009,6705,3369304,3586545,6705,3579840,7766558,6705,7759852,2870629,6705,2863924
313,651213,6485,644727,4134769,6485,4128284,1815382,6485,1808896,1704167,6485,1697681,4641272,6485,4634787,3330467,6485,3323981,3666314,6485,3659829,6860288,6485,6853803,3141776,6485,3135290,2513002,6485,2506517,6010354,6485,6003868,2135959,6485,2129473
314,678722,6677,672044,4697156,6677,4690478,2101282,6677,2094604,2319625,6677,2312947,5103209,6677,5096531,4160098,6677,4153420,4082853,6677,4076176,8518150,6677,8511472,3433725,6677,3427047,3309360,6677,3302682,7539320,6677,7532642,2872555,6677,2865877
315,651213,6485,644727,4134769,6485,4128284,1815382,6485,1808896,1704167,6485,1697681,4641272,6485,4634787,3330467,6485,3323981,3666314,6485,3659829,6860288,6485,6853803,3141776,6485,3135290,2513002,6485,2506517,6010354,6485,6003868,2135959,6485,2129473
316,660538,6633,653905,4551821,6633,4545188,2044923,6633,2038290,2207979,6633,2201346,4822298,6633,4815665,4150089,6633,4143456,3962379,6633,3955745,8499417,6633,8492783,3341456,6633,3334822,3360743,6633,3354110,7483101,6633,7476467,3101686,6633,3095053
317,651213,6485,644727,4134769,6485,4128284,1815382,6485,1808896,1704167,6485,1697681,4641272,6485,4634787,3330467,6485,3323981,3666314,6485,3659829,6860288,6485,6853803,3141776,6485,3135290,2513002,6485,2506517,6010354,6485,6003868,2135959,6485,2129473
318,671140,6659,664480,4528940,6659,4522280,2010354,6659,2003694,2134274,6659,2127614,4849205,6659,4842545,4321195,6659,4314535,3751997,6659,3745338,8376620,6659,8369960,3365740,6659,3359081,3236842,6659,3230183,7434722,6659,7428062,3277054,6659,3270394
319,651213,6485,644727,4134769,6485,4128284,1815382,6485,1808896,1704167,6485,1697681,4641272,6485,4634787,3330467,6485,3323981,3666314,6485,3659829,6860288,6485,6853803,3141776,6485,3135290,2513002,6485,2506517,6010354,6485,6003868,2135959,6485,2129473
320,754700,6777,747922,4978830,6777,4972052,2177625,6777,2170847,2766476,6777,2759698,5373039,6777,5366262,4565050,6777,4558273,4279299,6777,4272522,9414507,6777,9407730,3559868,6777,3553091,3791316,6777,3784539,8402110,6777,8395333,3416139,6777,3409362
321,651213,6485,644727,4134769,6485,4128284,1815382,6485,1808896,1704167,6485,1697681,4641272,6485,4634787,3330467,6485,3323981,3666314,6485,3659829,6860288,6485,6853803,3141776,6485,3135290,2513002,6485,2506517,6010354,6485,6003868,2135959,6485,2129473
322,679990,6712,673278,4567265,6712,4560553,2018361,6712,2011648,2567497,6712,2560784,4963325,6712,4956613,4234728,6712,4228016,4281819,6712,4275107,9026925,6712,9020212,3365113,6712,3358400,3576941,6712,3570229,8073802,6712,8067089,3026614,6712,3019901
323,651213,6485,644727,4134769,6485,4128284,1815382,6485,1808896,1704167,6485,1697681,4641272,6485,4634787,3330467,6485,3323981,3666314,6485,3659829,6860288,6485,6853803,3141776,6485,3135290,2513002,6485,2506517,6010354,6485,6003868,2135959,6485,2129473
324,776145,6845,769300,5114556,6845,5107711,2238212,6845,2231367,2791404,6845,2784559,5458397,6845,5451552,5206725,6845,5199880,4359183,6845,4352338,10151554,6845,10144709,3782963,6845,3776118,4046083,6845,4039237,9163752,6845,9156907,4123610,6845,4116765
325,651213,6485,644727,4134769,6485,4128284,1815382,6485,1808896,1704167,6485,1697681,4641272,6485,4634787,3330467,6485,3323981,3666314,6485,3659829,6860288,6485,6853803,3141776,6485,3135290,2513002,6485,2506517,6010354,6485,6003868,2135959,6485,2129473
326,810807,6902,803905,5440796,6902,5433894,2385130,6902,2378228,2996351,6902,2989449,5895367,6902,5888464,5180643,6902,5173741,4422701,6902,4415799,10088946,6902,10082043,3910079,6902,3903177,4047385,6902,4040482,9112709,6902,9105806,3879779,6902,3872877
327,651213,6485,644727,4134769,6485,4128284,1815382,6485,1808896,1704167,6485,1697681,4641272,6485,4634787,3330467,6485,3323981,3666314,6485,3659829,6860288,6485,6853803,3141776,6485,3135290,2513002,6485,2506517,6010354,6485,6003868,2135959,6485,2129473
328,658193,6697,651495,4619248,6697,4612551,2088101,6697,2081403,2216804,6697,2210106,4972002,6697,4965305,4337966,6697,4331269,4133930,6697,4127232,8735381,6697,8728684,3490958,6697,3484260,3398305,6697,3391608,7769547,6697,7762849,3144709,6697,3138012
329,651213,6485,644727,4134769,6485,4128284,1815382,6485,1808896,1704167,6485,1697681,4641272,6485,4634787,3330467,6485,3323981,3666314,6485,3659829,6860288,6485,6853803,3141776,6485,3135290,2513002,6485,2506517,6010354,6485,6003868,2135959,6485,2129473
330,691301,6766,684534,4842465,6766,4835698,2173921,6766,2167154,2757496,6766,2750729,5161978,6766,5155211,4545166,6766,4538399,4483304,6766,4476537,9753807,6766,9747040,3557397,6766,3550631,3978491,6766,3971724,8685684,6766,8678917,3448065,6766,3441298
331,651213,6485,644727,4134769,6485,4128284,1815382,6485,1808896,1704167,6485,1697681,4641272,6485,4634787,3330467,6485,3323981,3666314,6485,3659829,6860288,6485,6853803,3141776,6485,3135290,2513002,6485,2506517,6010354,6485,6003868,2135959,6485,2129473
332,728149,6720,721428,4965492,6720,4958771,2202621,6720,2195900,2507356,6720,2500635,5356144,6720,5349423,4476629,6720,4469908,3936824,6720,3930103,8618726,6720,8612005,3568136,6720,3561416,3374755,6720,3368034,7732505,6720,7725785,3137622,6720,3130901
333,651213,6485,644727,4134769,6485,4128284,1815382,6485,1808896,1704167,6485,1697681,4641272,6485,4634787,3330467,6485,3323981,3666314,6485,3659829,6860288,6485,6853803,3141776,6485,3135290,2513002,6485,2506517,6010354,6485,6003868,2135959,6485,2129473
334,758146,6709,751437,4756555,6709,4749846,2036249,6709,2029540,2389794,6709,2383085,5233903,6709,5227194,4228546,6709,4221837,3882173,6709,3875464,8441487,6709,8434777,3348554,6709,3341845,3311247,6709,3304538,7459990,6709,7453281,3149060,6709,3142351
335,651213,6485,644727,4134769,6485,4128284,1815382,6485,1808896,1704167,6485,1697681,4641272,6485,4634787,3330467,6485,3323981,3666314,6485,3659829,6860288,6485,6853803,3141776,6485,3135290,2513002,6485,2506517,6010354,6485,6003868,2135959,6485,2129473
336,724816,6639,718177,4450670,6639,4444031,1883056,6639,1876417,2455481,6639,2448841,5052450,6639,5045811,3540685,6639,3534046,4058064,6639,4051424,8069077,6639,8062438,3084552,6639,3077912,3200244,6639,3193604,7048563,6639,7041923,2428675,6639,2422036
337,650956,6475,644480,4110227,6475,4103751,1800668,6475,1794192,1697169,6475,1690693,4627710,6475,4621235,3262317,6475,3255841,3665504,6475,3659028,6802974,6475,6796499,3114933,6475,3108458,2497570,6475,2491095,5943851,6475,5937376,2085505,6475,2079029
338,676338,6670,669668,4556779,6670,4550109,2027605,6670,2020935,2275989,6670,2269318,4841032,6670,4834361,4400472,6670,4393802,3997593,6670,3990922,8733739,6670,8727069,3377429,6670,3370759,3421797,6670,3415127,7796751,6670,7790081,3300027,6670,3293357
339,650956,6475,644480,4110227,6475,4103751,1800668,6475,1794192,1697169,6475,1690693,4627710,6475,4621235,3262317,6475,3255841,3665504,6475,3659028,6802974,6475,6796499,3114933,6475,3108458,2497570,6475,2491095,5943851,6475,5937376,2085505,6475,2079029
340,761954,6747,755206,4731137,6747,4724390,2019264,6747,2012517,2757572,6747,2750824,5199872,6747,5193125,4159832,6747,4153084,4397767,6747,4391020,9302357,6747,9295610,3343124,6747,3336376,3789142,6747,3782394,8206911,6747,8200163,3188979,6747,3182232
341,650956,6475,644480,4110227,6475,4103751,1800668,6475,1794192,1697169,6475,1690693,4627710,6475,4621235,3262317,6475,3255841,3665504,6475,3659028,6802974,6475,6796499,3114933,6475,3108458,2497570,6475,2491095,5943851,6475,5937376,2085505,6475,2079029
342,755058,6680,748378,4689859,6680,4683179,1994042,6680,1987362,2600817,6680,2594137,5238168,6680,5231488,3802927,6680,3796247,4102802,6680,4096121,8416788,6680,8410108,3211360,6680,3204680,3387771,6680,3381091,7376054,6680,7369373,2696291,6680,2689610
343,650956,6475,644480,4110227,6475,4103751,1800668,6475,1794192,1697169,6475,1690693,4627710,6475,4621235,3262317,6475,3255841,3665504,6475,3659028,6802974,6475,6796499,3114933,6475,3108458,2497570,6475,2491095,5943851,6475,5937376,2085505,6475,2079029
344,786909,6793,780115,5004523,6793,4997729,2149843,6793,2143049,2759161,6793,2752367,5520763,6793,5513969,4441689,6793,4434895,4245627,6793,4238833,9196927,6793,9190133,3545851,6793,3539057,3671099,6793,3664305,8188718,6793,8181924,3273951,6793,3267157
345,650956,6475,644480,4110227,6475,4103751,1800668,6475,1794192,1697169,6475,1690693,4627710,6475,4621235,3262317,6475,3255841,3665504,6475,3659028,6802974,6475,6796499,3114933,6475,3108458,2497570,6475,2491095,5943851,6475,5937376,2085505,6475,2079029
346,781679,6793,774886,4995306,6793,4988513,2150541,6793,2143747,2900163,6793,2893370,5436838,6793,5430044,4436213,6793,4429419,4409476,6793,4402682,9649085,6793,9642292,3476010,6793,3469216,3988608,6793,3981815,8516987,6793,8510193,3475376,6793,3468583
347,650956,6475,644480,4110227,6475,4103751,1800668,6475,1794192,1697169,6475,1690693,4627710,6475,4621235,3262317,6475,3255841,3665504,6475,3659028,6802974,6475,6796499,3114933,6475,3108458,2497570,6475,2491095,5943851,6475,5937376,2085505,6475,2079029
348,806473,6712,799761,5029193,6712,5022481,2137878,6712,2131166,2497788,6712,2491076,5658861,6712,5652148,4029114,6712,4022401,3899412,6712,3892699,8097964,6712,8091251,3464959,6712,3458247,3110145,6712,3103433,7127634,6712,7120922,2682830,6712,2676118
349,650956,6475,644480,4110227,6475,4103751,1800668,6475,1794192,1697169,6475,1690693,4627710,6475,4621235,3262317,6475,3255841,3665504,6475,3659028,6802974,6475,6796499,3114933,6475,3108458,2497570,6475,2491095,5943851,6475,5937376,2085505,6475,2079029
350,783032,6649,776382,4699215,6649,4692565,1969494,6649,1962844,2302613,6649,2295963,5310351,6649,5303702,3857377,6649,3850727,3691677,6649,3685028,7686713,6649,7680063,3289654,6649,3283004,2901855,6649,2895205,6783514,6649,6776865,2632309,6649,2625659
351,650956,6475,644480,4110227,6475,4103751,1800668,6475,1794192,1697169,6475,1690693,4627710,6475,4621235,3262317,6475,3255841,3665504,6475,3659028,6802974,6475,6796499,3114933,6475,3108458,2497570,6475,2491095,5943851,6475,5937376,2085505,6475,2079029
352,658882,6507,652375,4163320,6507,4156813,1820532,6507,1814025,1761232,6507,1754724,4674183,6507,4667676,3443110,6507,3436602,3638300,6507,3631793,6956251,6507,6949744,3171008,6507,3164501,2546342,6507,2539835,6138283,6507,6131776,2241462,6507,2234954
353,650160,6484,643675,4119461,6484,4112977,1806268,6484,1799784,1738205,6484,1731720,4627428,6484,4620944,3277632,6484,3271148,3708106,6484,3701622,6907821,6484,6901336,3111513,6484,3105029,2555571,6484,2549086,6032590,6484,6026105,2108925,6484,2102441
354,738933,6760,732172,4859303,6760,4852542,2121113,6760,2114353,2713214,6760,2706454,5291944,6760,5285184,4244063,6760,4237303,4344504,6760,4337744,9295738,6760,9288978,3436622,6760,3429862,3785184,6760,3778424,8172208,6760,8165448,3208736,6760,3201976
355,650160,6484,643675,4119461,6484,4112977,1806268,6484,1799784,1738205,6484,1731720,4627428,6484,4620944,3277632,6484,3271148,3708106,6484,3701622,6907821,6484,6901336,3111513,6484,3105029,2555571,6484,2549086,6032590,6484,6026105,2108925,6484,2102441
356,742458,6655,735802,4660129,6655,4653473,1996716,6655,1990060,2595716,6655,2589060,5121322,6655,5114666,3910169,6655,3903513,4025324,6655,4018668,8380848,6655,8374192,3219576,6655,3212920,3359547,6655,3352891,7417902,6655,7411247,2752055,6655,2745399
357,650160,6484,643675,4119461,6484,4112977,1806268,6484,1799784,1738205,6484,1731720,4627428,6484,4620944,3277632,6484,3271148,3708106,6484,3701622,6907821,6484,6901336,3111513,6484,3105029,2555571,6484,2549086,6032590,6484,6026105,2108925,6484,2102441
358,700028,6549,693479,4530624,6549,4524075,1981587,6549,1975037,1955553,6549,1949004,5089342,6549,5082793,3512977,6549,3506428,3666726,6549,3660177,7109367,6549,7102817,3254285,6549,3247736,2694022,6549,2687473,6194384,6549,6187835,2273136,6549,2266587
359,649409,6492,642916,4128888,6492,4122395,1811934,6492,1805441,1780819,6492,1774326,4627453,6492,4620960,3293139,6492,3286647,3752064,6492,3745571,7015163,6492,7008671,3108306,6492,3101814,2615171,6492,2608679,6123909,6492,6117417,2132752,6492,2126259
360,713741,6683,707058,4678012,6683,4671328,2047560,6683,2040877,2300442,6683,2293759,5146454,6683,5139770,4230123,6683,4223440,3793625,6683,3786941,8145282,6683,8138599,3465009,6683,3458326,3094538,6683,3087854,7323795,6683,7317112,2938533,6683,2931850
361,649409,6492,642916,4128888,6492,4122395,1811934,6492,1805441,1780819,6492,1774326,4627453,6492,4620960,3293139,6492,3286647,3752064,6492,3745571,7015163,6492,7008671,3108306,6492,3101814,2615171,6492,2608679,6123909,6492,6117417,2132752,6492,2126259
362,786523,6722,779801,4796346,6722,4789623,2022315,6722,2015592,2632136,6722,2625413,5260642,6722,5253919,4273541,6722,4266818,3973843,6722,3967120,8836205,6722,8829482,3311110,6722,3304387,3565887,6722,3559164,7805714,6722,7798991,3340779,6722,3334056
363,649409,6492,642916,4128888,6492,4122395,1811934,6492,1805441,1780819,6492,1774326,4627453,6492,4620960,3293139,6492,3286647,3752064,6492,3745571,7015163,6492,7008671,3108306,6492,3101814,2615171,6492,2608679,6123909,6492,6117417,2132752,6492,2126259
364,731059,6691,724367,4455892,6691,4449200,1887925,6691,1881233,2781237,6691,2774545,4898550,6691,4891858,3774426,6691,3767734,4517732,6691,4511040,9284521,6691,9277829,3089411,6691,3082719,3864069,6691,3857377,8092764,6691,8086072,2959113,6691,2952421
365,649700,6502,643198,4153316,6502,4146814,1826545,6502,1820043,1788065,6502,1781562,4641324,6502,4634821,3360968,6502,3354466,3753335,6502,3746832,7072739,6502,7066237,3135369,6502,3128867,2630850,6502,2624348,6190763,6502,6184261,2183149,6502,2176646
366,752294,6688,745606,4579631,6688,4572942,1937970,6688,1931282,2502264,6688,2495576,5081085,6688,5074397,3967849,6688,3961160,4012048,6688,4005359,8460593,6688,8453904,3231251,6688,3224562,3366375,6688,3359687,7479271,6688,7472583,2950505,6688,2943816
367,649700,6502,643198,4153316,6502,4146814,1826545,6502,1820043,1788065,6502,1781562,4641324,6502,4634821,3360968,6502,3354466,3753335,6502,3746832,7072739,6502,7066237,3135369,6502,3128867,2630850,6502,2624348,6190763,6502,6184261,2183149,6502,2176646
368,810262,6844,803418,5205997,6844,5199153,2244828,6844,2237983,3141988,6844,3135144,5643797,6844,5636953,4641078,6844,4634234,4551298,6844,4544454,10072255,6844,10065411,3615153,6844,3608309,4219819,6844,4212974,8949173,6844,8942329,3655023,6844,3648179
369,649700,6502,643198,4153316,6502,4146814,1826545,6502,1820043,1788065,6502,1781562,4641324,6502,4634821,3360968,6502,3354466,3753335,6502,3746832,7072739,6502,7066237,3135369,6502,3128867,2630850,6502,2624348,6190763,6502,6184261,2183149,6502,2176646
370,754331,6759,747571,4750736,6759,4743976,2043512,6759,2036753,2372225,6759,2365465,5215834,6759,5209074,4491442,6759,4484682,4058435,6759,4051675,8875541,6759,8868781,3486840,6759,3480080,3407800,6759,3401040,7909202,6759,7902442,3362450,6759,3355690
371,649700,6502,643198,4153316,6502,4146814,1826545,6502,1820043,1788065,6502,1781562,4641324,6502,4634821,3360968,6502,3354466,3753335,6502,3746832,7072739,6502,7066237,3135369,6502,3128867,2630850,6502,2624348,6190763,6502,6184261,2183149,6502,2176646
372,733878,6798,727080,5057418,6798,5050620,2248712,6798,2241914,2663537,6798,2656738,5497245,6798,5490447,4650165,6798,4643366,4310120,6798,4303322,9376343,6798,9369545,3697130,6798,3690332,3704994,6798,3698196,8383000,6798,8376201,3349602,6798,3342804
373,649700,6502,643198,4153316,6502,4146814,1826545,6502,1820043,1788065,6502,1781562,4641324,6502,4634821,3360968,6502,3354466,3753335,6502,3746832,7072739,6502,7066237,3135369,6502,3128867,2630850,6502,2624348,6190763,6502,6184261,2183149,6502,2176646
374,680615,6666,673948,4401090,6666,4394423,1914520,6666,1907854,2472937,6666,2466271,4815168,6666,4808502,3916895,6666,3910228,4107032,6666,4100365,8697820,6666,8691153,3178464,6666,3171797,3529869,6666,3523202,7658640,6666,7651973,3010575,6666,3003909
375,649700,6502,643198,4153316,6502,4146814,1826545,6502,1820043,1788065,6502,1781562,4641324,6502,4634821,3360968,6502,3354466,3753335,6502,3746832,7072739,6502,7066237,3135369,6502,3128867,2630850,6502,2624348,6190763,6502,6184261,2183149,6502,2176646
376,681330,6640,674689,4735666,6640,4729026,2133235,6640,2126594,2022953,6640,2016312,5081326,6640,5074686,4382953,6640,4376312,3611052,6640,3604412,7885006,6640,7878365,3565218,6640,3558577,2941195,6640,2934555,7084730,6640,7078089,3045814,6640,3039173
377,650440,6493,643946,4143729,6493,4137235,1820800,6493,1814306,1744869,6493,1738375,4641074,6493,4634580,3345121,6493,3338627,3708704,6493,3702210,6963905,6493,6957411,3138360,6493,3131866,2570455,6493,2563961,6098021,6493,6091527,2158855,6493,2152362
378,746561,6746,739814,4923568,6746,4916822,2151739,6746,2144992,2679812,6746,2673065,5390496,6746,5383750,4222794,6746,4216047,4232413,6746,4225666,8912475,6746,8905728,3467468,6746,3460722,3574607,6746,3567861,7898749,6746,7892002,2987602,6746,2980855
379,650440,6493,643946,4143729,6493,4137235,1820800,6493,1814306,1744869,6493,1738375,4641074,6493,4634580,3345121,6493,3338627,3708704,6493,3702210,6963905,6493,6957411,3138360,6493,3131866,2570455,6493,2563961,6098021,6493,6091527,2158855,6493,2152362
380,685715,6592,679123,4399198,6592,4392606,1929174,6592,1922582,2013017,6592,2006424,4820804,6592,4814212,3797526,6592,3790934,3890175,6592,3883583,7813269,6592,7806677,3282798,6592,3276205,2946282,6592,2939690,6878179,6592,6871587,2628294,6592,2621702
381,650440,6493,643946,4143729,6493,4137235,1820800,6493,1814306,1744869,6493,1738375,4641074,6493,4634580,3345121,6493,3338627,3708704,6493,3702210,6963905,6493,6957411,3138360,6493,3131866,2570455,6493,2563961,6098021,6493,6091527,2158855,6493,2152362
382,639132,6570,632562,4105312,6570,4098741,1809699,6570,1803129,1994001,6570,1987430,4406219,6570,4399648,3802458,6570,3795887,3966922,6570,3960352,8081237,6570,8074667,3093804,6570,3087234,3125520,6570,3118950,7125666,6570,7119095,2811433,6570,2804863
383,643378,6509,636868,4120938,6509,4114429,1818494,6509,1811984,1725248,6509,1718738,4576411,6509,4569902,3500357,6509,3493848,3722995,6509,3716486,7108574,6509,7102064,3170742,6509,3164232,2602368,6509,2595858,6274383,6509,6267873,2296237,6509,2289728
384,731551,6622,724929,4447746,6622,4441124,1875871,6622,1869249,2139320,6622,2132698,5069456,6622,5062834,3753652,6622,3747030,3560987,6622,3554365,7367857,6622,7361235,3185449,6622,3178827,2753977,6622,2747354,6543508,6622,6536886,2543430,6622,2536808
385,642496,6518,635978,4130175,6518,4123657,1824177,6518,1817659,1768071,6518,1761553,4576773,6518,4570255,3516493,6518,3509974,3767419,6518,3760901,7217205,6518,7210687,3168291,6518,3161773,2662525,6518,2656007,6367279,6518,6360761,2320870,6518,2314352
386,719090,6680,712410,4615097,6680,4608417,2008333,6680,2001653,2150707,6680,2144027,5023631,6680,5016950,4297190,6680,4290509,3814823,6680,3808143,8298597,6680,8291916,3389088,6680,3382408,3169139,6680,3162459,7369858,6680,7363177,3189663,6680,3182982
387,642496,6518,635978,4130175,6518,4123657,1824177,6518,1817659,1768071,6518,1761553,4576773,6518,4570255,3516493,6518,3509974,3767419,6518,3760901,7217205,6518,7210687,3168291,6518,3161773,2662525,6518,2656007,6367279,6518,6360761,2320870,6518,2314352
388,725726,6691,719034,4695579,6691,4688887,2050155,6691,2043463,2090327,6691,2083635,5137941,6691,5131249,4391139,6691,4384447,3696840,6691,3690149,8069196,6691,8062504,3480659,6691,3473967,3023142,6691,3016450,7230897,6691,7224205,3165325,6691,3158633
389,643387,6509,636878,4120847,6509,4114337,1818437,6509,1811928,1724825,6509,1718316,4576409,6509,4569900,3500196,6509,3493686,3722556,6509,3716046,7107495,6509,7100985,3170768,6509,3164258,2601771,6509,2595262,6273463,6509,6266953,2295992,6509,2289482
390,718476,6745,711730,4775146,6745,4768401,2106469,6745,2099724,2264858,6745,2258112,5117257,6745,5110511,4799137,6745,4792392,3980212,6745,3973466,9025158,6745,9018412,3590515,6745,3583769,3446129,6745,3439384,8100381,6745,8093636,3648090,6745,3641344
391,643387,6509,636878,4120847,6509,4114337,1818437,6509,1811928,1724825,6509,1718316,4576409,6509,4569900,3500196,6509,3493686,3722556,6509,3716046,7107495,6509,7100985,3170768,6509,3164258,2601771,6509,2595262,6273463,6509,6266953,2295992,6509,2289482
392,667707,6694,661012,4767744,6694,4761049,2170002,6694,2163307,2122777,6694,2116082,5042763,6694,5036068,4559167,6694,4552472,3944343,6694,3937648,8620790,6694,8614095,3596888,6694,3590193,3283285,6694,3276590,7687699,6694,7681004,3280824,6694,3274129
393,643387,6509,636878,4120847,6509,4114337,1818437,6509,1811928,1724825,6509,1718316,4576409,6509,4569900,3500196,6509,3493686,3722556,6509,3716046,7107495,6509,7100985,3170768,6509,3164258,2601771,6509,2595262,6273463,6509,6266953,2295992,6509,2289482
394,666154,6664,659490,4653070,6664,4646406,2104085,6664,2097420,2183177,6664,2176513,4883013,6664,4876349,4425179,6664,4418515,3950475,6664,3943811,8700104,6664,8693440,3450522,6664,3443858,3446751,6664,3440087,7704695,6664,7698030,3399553,6664,3392889
395,643387,6509,636878,4120847,6509,4114337,1818437,6509,1811928,1724825,6509,1718316,4576409,6509,4569900,3500196,6509,3493686,3722556,6509,3716046,7107495,6509,7100985,3170768,6509,3164258,2601771,6509,2595262,6273463,6509,6266953,2295992,6509,2289482
396,643293,6610,636683,4438719,6610,4432109,1994351,6610,1987741,2216607,6610,2209997,4824370,6610,4817760,3914038,6610,3907428,3957913,6610,3951303,8072921,6610,8066311,3316191,6610,3309581,3135415,6610,3128805,7196017,6610,7189407,2654630,6610,2648020
397,637357,6503,630853,4097256,6503,4090752,1812966,6503,1806462,1703611,6503,1697108,4540801,6503,4534298,3492213,6503,3485709,3727640,6503,3721136,7100254,6503,7093751,3165786,6503,3159282,2598148,6503,2591645,6266961,6503,6260458,2292600,6503,2286097
398,776728,6819,769909,5020644,6819,5013824,2169157,6819,2162338,3035104,6819,3028285,5425313,6819,5418493,4694914,6819,4688095,4443105,6819,4436285,10030851,6819,10024032,3535691,6819,3528872,4184313,6819,4177494,8943097,6819,8936278,3775641,6819,3768822
399,637357,6503,630853,4097256,6503,4090752,1812966,6503,1806462,1703611,6503,1697108,4540801,6503,4534298,3492213,6503,3485709,3727640,6503,3721136,7100254,6503,7093751,3165786,6503,3159282,2598148,6503,2591645,6266961,6503,6260458,2292600,6503,2286097
400,661967,6672,655294,4625599,6672,4618927,2095736,6672,2089063,2202201,6672,2195528,4969320,6672,4962648,4352524,6672,4345852,4097972,6672,4091299,8522610,6672,8515938,3566709,6672,3560037,3220119,6672,3213446,7678714,6672,7672041,2958544,6672,2951872
401,637357,6503,630853,4097256,6503,4090752,1812966,6503,1806462,1703611,6503,1697108,4540801,6503,4534298,3492213,6503,3485709,3727640,6503,3721136,7100254,6503,7093751,3165786,6503,3159282,2598148,6503,2591645,6266961,6503,6260458,2292600,6503,2286097
402,701577,6746,694830,4565979,6746,4559232,1994201,6746,1987454,2638588,6746,2631841,4893362,6746,4886615,4403573,6746,4396827,4367716,6746,4360970,9589063,6746,9582317,3315155,6746,3308409,3942608,6746,3935861,8496404,6746,8489657,3573340,6746,3566593
403,637357,6503,630853,4097256,6503,4090752,1812966,6503,1806462,1703611,6503,1697108,4540801,6503,4534298,3492213,6503,3485709,3727640,6503,3721136,7100254,6503,7093751,3165786,6503,3159282,2598148,6503,2591645,6266961,6503,6260458,2292600,6503,2286097
404,693709,6736,686973,4746144,6736,4739407,2113861,6736,2107124,2387758,6736,2381021,5087529,6736,5080792,4774325,6736,4767589,3882429,6736,3875692,8861375,6736,8854638,3616406,6736,3609669,3381492,6736,3374755,8072230,6736,8065494,3488298,6736,3481561
405,637357,6503,630853,4097256,6503,4090752,1812966,6503,1806462,1703611,6503,1697108,4540801,6503,4534298,3492213,6503,3485709,3727640,6503,3721136,7100254,6503,7093751,3165786,6503,3159282,2598148,6503,2591645,6266961,6503,6260458,2292600,6503,2286097
406,697381,6874,690507,4932469,6874,4925595,2226963,6874,2220088,2619439,6874,2612565,5173044,6874,5166170,5631942,6874,5625068,4470648,6874,4463774,10632827,6874,10625953,3884437,6874,3877563,4178874,6874,4172000,9711770,6874,9704896,4524608,6874,4517733
407,637357,6503,630853,4097256,6503,4090752,1812966,6503,1806462,1703611,6503,1697108,4540801,6503,4534298,3492213,6503,3485709,3727640,6503,3721136,7100254,6503,7093751,3165786,6503,3159282,2598148,6503,2591645,6266961,6503,6260458,2292600,6503,2286097
408,668527,6704,661823,4601504,6704,4594800,2063205,6704,2056501,2208305,6704,2201601,4900344,6704,4893640,4686413,6704,4679709,3895099,6704,3888395,8734896,6704,8728192,3528797,6704,3522093,3323411,6704,3316707,7916829,6704,7910125,3451402,6704,3444698
409,637357,6503,630853,4097256,6503,4090752,1812966,6503,1806462,1703611,6503,1697108,4540801,6503,4534298,3492213,6503,3485709,3727640,6503,3721136,7100254,6503,7093751,3165786,6503,3159282,2598148,6503,2591645,6266961,6503,6260458,2292600,6503,2286097
410,744784,6725,738059,4841925,6725,4835200,2109552,6725,2102827,2175223,6725,2168498,5349231,6725,5342506,4479906,6725,4473180,3735681,6725,3728956,8208400,6725,8201675,3587024,6725,3580299,3059416,6725,3052691,7358573,6725,7351848,3193673,6725,3186948
411,637357,6503,630853,4097256,6503,4090752,1812966,6503,1806462,1703611,6503,1697108,4540801,6503,4534298,3492213,6503,3485709,3727640,6503,3721136,7100254,6503,7093751,3165786,6503,3159282,2598148,6503,2591645,6266961,6503,6260458,2292600,6503,2286097
412,753814,6779,747035,5034385,6779,5027606,2210324,6779,2203545,2597315,6779,2590535,5494598,6779,5487819,4608069,6779,4601290,4047060,6779,4040280,8934383,6779,8927604,3639056,6779,3632276,3511905,6779,3505126,8026021,6779,8019242,3325148,6779,3318368
413,637357,6503,630853,4097256,6503,4090752,1812966,6503,1806462,1703611,6503,1697108,4540801,6503,4534298,3492213,6503,3485709,3727640,6503,3721136,7100254,6503,7093751,3165786,6503,3159282,2598148,6503,2591645,6266961,6503,6260458,2292600,6503,2286097
414,643582,6547,637035,4313265,6547,4306718,1925142,6547,1918594,1808820,6547,1802273,4683845,6547,4677298,3847909,6547,3841362,3546195,6547,3539648,7319203,6547,7312656,3252339,6547,3245792,2723474,6547,2716927,6493378,6547,6486831,2656032,6547,2649485
415,638386,6495,631891,4088288,6495,4081793,1807301,6495,1800806,1662124,6495,1655629,4540945,6495,4534449,3476135,6495,3469640,3684309,6495,3677813,6993190,6495,6986694,3168521,6495,3162026,2539088,6495,2532593,6175894,6495,6169399,2268166,6495,2261671
416,672959,6684,666275,4579090,6684,4572406,2040299,6684,2033615,2501097,6684,2494413,4927075,6684,4920390,4214263,6684,4207579,4249492,6684,4242808,8909488,6684,8902803,3369176,6684,3362491,3535071,6684,3528386,7957261,6684,7950576,2997181,6684,2990496
417,638386,6495,631891,4088288,6495,4081793,1807301,6495,1800806,1662124,6495,1655629,4540945,6495,4534449,3476135,6495,3469640,3684309,6495,3677813,6993190,6495,6986694,3168521,6495,3162026,2539088,6495,2532593,6175894,6495,6169399,2268166,6495,2261671
418,644694,6618,638075,4426606,6618,4419987,1986577,6618,1979958,2290109,6618,2283490,4806601,6618,4799982,3810215,6618,3803596,4104552,6618,4097933,8242070,6618,8235451,3266994,6618,3260375,3265097,6618,3258478,7293946,6618,7287327,2617409,6618,2610790
419,638386,6495,631891,4088288,6495,4081793,1807301,6495,1800806,1662124,6495,1655629,4540945,6495,4534449,3476135,6495,3469640,3684309,6495,3677813,6993190,6495,6986694,3168521,6495,3162026,2539088,6495,2532593,6175894,6495,6169399,2268166,6495,2261671
420,669824,6815,663008,4928086,6815,4921271,2260328,6815,2253513,2487314,6815,2480499,5130797,6815,5123982,5450722,6815,5443907,4211566,6815,4204751,10047358,6815,10040542,3880452,6815,3873637,3947347,6815,3940532,9180210,6815,9173394,4303447,6815,4296632
421,638386,6495,631891,4088288,6495,4081793,1807301,6495,1800806,1662124,6495,1655629,4540945,6495,4534449,3476135,6495,3469640,3684309,6495,3677813,6993190,6495,6986694,3168521,6495,3162026,2539088,6495,2532593,6175894,6495,6169399,2268166,6495,2261671
422,789916,6776,783139,5180371,6776,5173595,2249253,6776,2242477,2766882,6776,2760106,5718434,6776,5711658,4358510,6776,4351734,4155272,6776,4148495,8877380,6776,8870604,3592850,6776,3586074,3546973,6776,3540197,7884160,6776,7877383,3036757,6776,3029981
423,638386,6495,631891,4088288,6495,4081793,1807301,6495,1800806,1662124,6495,1655629,4540945,6495,4534449,3476135,6495,3469640,3684309,6495,3677813,6993190,6495,6986694,3168521,6495,3162026,2539088,6495,2532593,6175894,6495,6169399,2268166,6495,2261671
424,725506,6648,718858,4617466,6648,4610817,2007688,6648,2001039,2144695,6648,2138046,5032659,6648,5026010,4241010,6648,4234362,3732239,6648,3725591,7973642,6648,7966993,3431867,6648,3425218,2954958,6648,2948310,7166036,6648,7159387,2938423,6648,2931774
425,638386,6495,631891,4088288,6495,4081793,1807301,6495,1800806,1662124,6495,1655629,4540945,6495,4534449,3476135,6495,3469640,3684309,6495,3677813,6993190,6495,6986694,3168521,6495,3162026,2539088,6495,2532593,6175894,6495,6169399,2268166,6495,2261671
426,710497,6729,703767,4678315,6729,4671586,2056281,6729,2049551,2320239,6729,2313509,5038937,6729,5032207,4463172,6729,4456443,4121397,6729,4114667,8944372,6729,8937643,3431558,6729,3424828,3481280,6729,3474551,7941782,6729,7935053,3344159,6729,3337429
427,638386,6495,631891,4088288,6495,4081793,1807301,6495,1800806,1662124,6495,1655629,4540945,6495,4534449,3476135,6495,3469640,3684309,6495,3677813,6993190,6495,6986694,3168521,6495,3162026,2539088,6495,2532593,6175894,6495,6169399,2268166,6495,2261671
428,733867,6682,727184,4688713,6682,4682031,2029727,6682,2023045,2429358,6682,2422675,5144719,6682,5138036,4103634,6682,4096951,3997547,6682,3990864,8387271,6682,8380589,3345602,6682,3338919,3271318,6682,3264635,7455788,6682,7449105,2879148,6682,2872465
429,638386,6495,631891,4088288,6495,4081793,1807301,6495,1800806,1662124,6495,1655629,4540945,6495,4534449,3476135,6495,3469640,3684309,6495,3677813,6993190,6495,6986694,3168521,6495,3162026,2539088,6495,2532593,6175894,6495,6169399,2268166,6495,2261671
430,733833,6764,727069,5115732,6764,5108968,2288422,6764,2281658,2314605,6764,2307840,5495176,6764,5488411,4922826,6764,4916061,3746630,6764,3739866,8655116,6764,8648352,3796124,6764,3789360,3267256,6764,3260492,7833509,6764,7826745,3523378,6764,3516614
431,638386,6495,631891,4088288,6495,4081793,1807301,6495,1800806,1662124,6495,1655629,4540945,6495,4534449,3476135,6495,3469640,3684309,6495,3677813,6993190,6495,6986694,3168521,6495,3162026,2539088,6495,2532593,6175894,6495,6169399,2268166,6495,2261671
432,725876,6753,719123,4937014,6753,4930260,2195430,6753,2188677,2530417,6753,2523664,5315863,6753,5309109,4682116,6753,4675362,4149011,6753,4142258,9046560,6753,9039807,3677912,6753,3671159,3484020,6753,3477267,8182939,6753,8176186,3286481,6753,3279728
433,638386,6495,631891,4088288,6495,4081793,1807301,6495,1800806,1662124,6495,1655629,4540945,6495,4534449,3476135,6495,3469640,3684309,6495,3677813,6993190,6495,6986694,3168521,6495,3162026,2539088,6495,2532593,6175894,6495,6169399,2268166,6495,2261671
434,645510,6617,638893,4394309,6617,4387692,1962221,6617,1955604,2109306,6617,2102689,4852224,6617,4845607,3839504,6617,3832887,3965188,6617,3958571,7979302,6617,7972685,3316845,6617,3310228,3038737,6617,3032120,7069247,6617,7062630,2583145,6617,2576528
435,638386,6495,631891,4088288,6495,4081793,1807301,6495,1800806,1662124,6495,1655629,4540945,6495,4534449,3476135,6495,3469640,3684309,6495,3677813,6993190,6495,6986694,3168521,6495,3162026,2539088,6495,2532593,6175894,6495,6169399,2268166,6495,2261671
436,720462,6652,713809,4563787,6652,4557134,1974773,6652,1968120,2177723,6652,2171070,4969844,6652,4963191,4243100,6652,4236447,3726022,6652,3719369,8061598,6652,8054945,3328121,6652,3321468,3049271,6652,3042618,7221886,6652,7215233,3034303,6652,3027650
437,638386,6495,631891,4088288,6495,4081793,1807301,6495,1800806,1662124,6495,1655629,4540945,6495,4534449,3476135,6495,3469640,3684309,6495,3677813,6993190,6495,6986694,3168521,6495,3162026,2539088,6495,2532593,6175894,6495,6169399,2268166,6495,2261671
438,656833,6632,650201,4536104,6632,4529472,2035245,6632,2028613,2125890,6632,2119258,4936785,6632,4930153,3909397,6632,3902765,3960151,6632,3953519,8138351,6632,8131719,3357255,6632,3350623,3148505,6632,3141873,7131443,6632,7124810,2738242,6632,2731610
439,638386,6495,631891,4088288,6495,4081793,1807301,6495,1800806,1662124,6495,1655629,4540945,6495,4534449,3476135,6495,3469640,3684309,6495,3677813,6993190,6495,6986694,3168521,6495,3162026,2539088,6495,2532593,6175894,6495,6169399,2268166,6495,2261671
440,734303,6762,727541,5233683,6762,5226921,2364918,6762,2358156,2226390,6762,2219628,5654750,6762,5647988,4974894,6762,4968132,3777052,6762,3770290,8446785,6762,8440023,3943367,6762,3936605,3071827,6762,3065065,7704918,6762,7698156,3297444,6762,3290682
441,638386,6495,631891,4088288,6495,4081793,1807301,6495,1800806,1662124,6495,1655629,4540945,6495,4534449,3476135,6495,3469640,3684309,6495,3677813,6993190,6495,6986694,3168521,6495,3162026,2539088,6495,2532593,6175894,6495,6169399,2268166,6495,2261671
442,697238,6821,690416,5063501,6821,5056679,2309499,6821,2302677,2619738,6821,2612916,5371477,6821,5364656,4943424,6821,4936603,4486219,6821,4479398,9863500,6821,9856678,3824038,6821,3817216,3921387,6821,3914565,8859384,6821,8852562,3669291,6821,3662469
443,638386,6495,631891,4088288,6495,4081793,1807301,6495,1800806,1662124,6495,1655629,4540945,6495,4534449,3476135,6495,3469640,3684309,6495,3677813,6993190,6495,6986694,3168521,6495,3162026,2539088,6495,2532593,6175894,6495,6169399,2268166,6495,2261671
444,626427,6614,619812,4122281,6614,4115667,1836578,6614,1829964,2099219,6614,2092604,4340016,6614,4333402,4005445,6614,3998831,4193859,6614,4187244,8813675,6614,8807060,3143770,6614,3137156,3503392,6614,3496778,7730365,6614,7723750,3209642,6614,3203028
445,632699,6501,626197,4169436,6501,4162935,1863744,6501,1857242,1663781,6501,1657280,4603691,6501,4597189,3538829,6501,3532327,3681937,6501,3675435,7022593,6501,7016091,3233800,6501,3227298,2552179,6501,2545677,6204322,6501,6197820,2287348,6501,2280846
446,661277,6681,654595,4685697,6681,4679015,2115287,6681,2108605,2586038,6681,2579356,4991086,6681,4984404,4234350,6681,4227669,4185432,6681,4178750,8955323,6681,8948642,3418869,6681,3412187,3624129,6681,3617447,7980184,6681,7973502,3057489,6681,3050807
447,632699,6501,626197,4169436,6501,4162935,1863744,6501,1857242,1663781,6501,1657280,4603691,6501,4597189,3538829,6501,3532327,3681937,6501,3675435,7022593,6501,7016091,3233800,6501,3227298,2552179,6501,2545677,6204322,6501,6197820,2287348,6501,2280846
448,684302,6656,677646,4545500,6656,4538844,2005868,6656,1999212,2216878,6656,2210222,4972501,6656,4965845,3943496,6656,3936840,4044342,6656,4037686,8393529,6656,8386873,3317289,6656,3310633,3301687,6656,3295031,7331060,6656,7324404,2904265,6656,2897609
449,632699,6501,626197,4169436,6501,4162935,1863744,6501,1857242,1663781,6501,1657280,4603691,6501,4597189,3538829,6501,3532327,3681937,6501,3675435,7022593,6501,7016091,3233800,6501,3227298,2552179,6501,2545677,6204322,6501,6197820,2287348,6501,2280846
450,746872,6794,740078,5173248,6794,5166454,2304361,6794,2297566,2740437,6794,2733642,5537436,6794,5530642,4917371,6794,4910577,4174149,6794,4167355,9433366,6794,9426572,3749184,6794,3742390,3750284,6794,3743489,8525983,6794,8519188,3585315,6794,3578520
451,632699,6501,626197,4169436,6501,4162935,1863744,6501,1857242,1663781,6501,1657280,4603691,6501,4597189,3538829,6501,3532327,3681937,6501,3675435,7022593,6501,7016091,3233800,6501,3227298,2552179,6501,2545677,6204322,6501,6197820,2287348,6501,2280846
452,802170,6878,795291,5420216,6878,5413337,2383728,6878,2376849,2993793,6878,2986915,5871336,6878,5864457,5104214,6878,5097336,4455982,6878,4449104,9998442,6878,9991564,3898243,6878,3891364,3975890,6878,3969012,9039688,6878,9032809,3693820,6878,3686941
453,632699,6501,626197,4169436,6501,4162935,1863744,6501,1857242,1663781,6501,1657280,4603691,6501,4597189,3538829,6501,3532327,3681937,6501,3675435,7022593,6501,7016091,3233800,6501,3227298,2552179,6501,2545677,6204322,6501,6197820,2287348,6501,2280846
454,682609,6747,675861,4923930,6747,4917182,2242249,6747,2235501,2326718,6747,2319970,5170618,6747,5163870,4779114,6747,4772366,4090872,6747,4084125,9254021,6747,9247273,3663087,6747,3656339,3675336,6747,3668588,8215980,6747,8209233,3699204,6747,3692456
455,632699,6501,626197,4169436,6501,4162935,1863744,6501,1857242,1663781,6501,1657280,4603691,6501,4597189,3538829,6501,3532327,3681937,6501,3675435,7022593,6501,7016091,3233800,6501,3227298,2552179,6501,2545677,6204322,6501,6197820,2287348,6501,2280846
456,675718,6788,668929,5084802,6788,5078013,2341169,6788,2334380,2582086,6788,2575297,5366468,6788,5359679,5038081,6788,5031292,4163394,6788,4156605,9496992,6788,9490203,3853943,6788,3847155,3753788,6788,3747000,8620100,6788,8613311,3686598,6788,3679809
457,632699,6501,626197,4169436,6501,4162935,1863744,6501,1857242,1663781,6501,1657280,4603691,6501,4597189,3538829,6501,3532327,3681937,6501,3675435,7022593,6501,7016091,3233800,6501,3227298,2552179,6501,2545677,6204322,6501,6197820,2287348,6501,2280846
458,657247,6668,650579,4452491,6668,4445823,1997356,6668,1990687,2157291,6668,2150623,4727623,6668,4720955,4326812,6668,4320144,4122322,6668,4115654,8739992,6668,8733324,3410997,6668,3404329,3355378,6668,3348710,7795173,6668,7788504,3177442,6668,3170774
459,632699,6501,626197,4169436,6501,4162935,1863744,6501,1857242,1663781,6501,1657280,4603691,6501,4597189,3538829,6501,3532327,3681937,6501,3675435,7022593,6501,7016091,3233800,6501,3227298,2552179,6501,2545677,6204322,6501,6197820,2287348,6501,2280846
460,618110,6645,611465,4471850,6645,4465205,2056976,6645,2050331,2321161,6645,2314516,4667557,6645,4660912,4215687,6645,4209041,4293326,6645,4286681,8946456,6645,8939811,3392266,6645,3385620,3560664,6645,3554019,7962083,6645,7955438,3050974,6645,3044329
461,627018,6495,620522,4146632,6495,4140136,1858317,6495,1851821,1643393,6495,1636898,4569249,6495,4562754,3530941,6495,3524445,3687061,6495,3680566,7015560,6495,7009064,3228858,6495,3222362,2548674,6495,2542179,6198021,6495,6191525,2284032,6495,2277537
462,755503,6826,748677,5138947,6826,5132121,2272156,6826,2265330,2860237,6826,2853411,5524897,6826,5518071,4932014,6826,4925188,4362433,6826,4355607,9818597,6826,9811770,3747291,6826,3740465,3931447,6826,3924621,8858766,6826,8851940,3677506,6826,3670680
463,627018,6495,620522,4146632,6495,4140136,1858317,6495,1851821,1643393,6495,1636898,4569249,6495,4562754,3530941,6495,3524445,3687061,6495,3680566,7015560,6495,7009064,3228858,6495,3222362,2548674,6495,2542179,6198021,6495,6191525,2284032,6495,2277537
464,678557,6672,671884,4607154,6672,4600481,2057015,6672,2050343,2022967,6672,2016294,4930678,6672,4924005,4767901,6672,4761229,3573567,6672,3566894,8172504,6672,8165831,3606029,6672,3599356,2940779,6672,2934106,7513849,6672,7507176,3358216,6672,3351543
465,627018,6495,620522,4146632,6495,4140136,1858317,6495,1851821,1643393,6495,1636898,4569249,6495,4562754,3530941,6495,3524445,3687061,6495,3680566,7015560,6495,7009064,3228858,6495,3222362,2548674,6495,2542179,6198021,6495,6191525,2284032,6495,2277537
466,672327,6736,665590,4569202,6736,4562465,2032117,6736,2025380,2289711,6736,2282975,4921902,6736,4915165,4788891,6736,4782154,3950683,6736,3943947,8936506,6736,8929770,3562715,6736,3555979,3352160,6736,3345424,8157952,6736,8151216,3496753,6736,3490017
467,627018,6495,620522,4146632,6495,4140136,1858317,6495,1851821,1643393,6495,1636898,4569249,6495,4562754,3530941,6495,3524445,3687061,6495,3680566,7015560,6495,7009064,3228858,6495,3222362,2548674,6495,2542179,6198021,6495,6191525,2284032,6495,2277537
468,666102,6685,659416,4610147,6685,4603461,2082001,6685,2075315,2166982,6685,2160296,4839906,6685,4833220,4546152,6685,4539466,4029437,6685,4022751,8909151,6685,8902465,3518458,6685,3511772,3468989,6685,3462303,7932979,6685,7926293,3502283,6685,3495597
469,627018,6495,620522,4146632,6495,4140136,1858317,6495,1851821,1643393,6495,1636898,4569249,6495,4562754,3530941,6495,3524445,3687061,6495,3680566,7015560,6495,7009064,3228858,6495,3222362,2548674,6495,2542179,6198021,6495,6191525,2284032,6495,2277537
470,730085,6621,723464,4599874,6621,4593253,1979071,6621,1972449,2082913,6621,2076291,5187819,6621,5181198,3901829,6621,3895208,3614653,6621,3608031,7475947,6621,7469325,3387608,6621,3380986,2736359,6621,2729738,6649235,6621,6642614,2588829,6621,2582208
471,628128,6487,621641,4137800,6487,4131313,1852639,6487,1846152,1603405,6487,1596918,4569570,6487,4563083,3514957,6487,3508469,3644927,6487,3638440,6910747,6487,6904260,3231584,6487,3225097,2491068,6487,2484580,6109225,6487,6102738,2259933,6487,2253446
472,641798,6663,635134,4507611,6663,4500948,2041191,6663,2034527,2039518,6663,2032855,4803344,6663,4796681,4364267,6663,4357604,3813497,6663,3806833,8378956,6663,8372293,3458820,6663,3452157,3212370,6663,3205707,7470863,6663,7464200,3258512,6663,3251849
473,628128,6487,621641,4137800,6487,4131313,1852639,6487,1846152,1603405,6487,1596918,4569570,6487,4563083,3514957,6487,3508469,3644927,6487,3638440,6910747,6487,6904260,3231584,6487,3225097,2491068,6487,2484580,6109225,6487,6102738,2259933,6487,2253446
474,658474,6680,651794,4540648,6680,4533968,2043490,6680,2036810,1936443,6680,1929763,4882722,6680,4876042,4644355,6680,4637675,3698356,6680,3691676,8223643,6680,8216963,3569412,6680,3562732,3011391,6680,3004711,7481570,6680,7474890,3338752,6680,3332072
475,628128,6487,621641,4137800,6487,4131313,1852639,6487,1846152,1603405,6487,1596918,4569570,6487,4563083,3514957,6487,3508469,3644927,6487,3638440,6910747,6487,6904260,3231584,6487,3225097,2491068,6487,2484580,6109225,6487,6102738,2259933,6487,2253446
476,670057,6697,663359,4862841,6697,4856143,2225186,6697,2218488,2222788,6697,2216090,5101761,6697,5095063,4849439,6697,4842741,3809669,6697,3802971,8614492,6697,8607794,3719127,6697,3712429,3248099,6697,3241401,7859138,6697,7852440,3408639,6697,3401941
477,628128,6487,621641,4137800,6487,4131313,1852639,6487,1846152,1603405,6487,1596918,4569570,6487,4563083,3514957,6487,3508469,3644927,6487,3638440,6910747,6487,6904260,3231584,6487,3225097,2491068,6487,2484580,6109225,6487,6102738,2259933,6487,2253446
478,666103,6772,659331,4935165,6772,4928393,2270652,6772,2263880,2515600,6772,2508828,5145870,6772,5139098,5067726,6772,5060953,4238637,6772,4231865,9694893,6772,9688121,3809061,6772,3802289,3815804,6772,3809031,8786159,6772,8779387,3821538,6772,3814766
479,628128,6487,621641,4137800,6487,4131313,1852639,6487,1846152,1603405,6487,1596918,4569570,6487,4563083,3514957,6487,3508469,3644927,6487,3638440,6910747,6487,6904260,3231584,6487,3225097,2491068,6487,2484580,6109225,6487,6102738,2259933,6487,2253446
480,675965,6744,669220,5113624,6744,5106879,2369700,6744,2362955,2092474,6744,2085730,5368161,6744,5361417,4995491,6744,4988747,3782290,6744,3775545,8686796,6744,8680052,3899405,6744,3892660,3281201,6744,3274457,7818432,6744,7811688,3604053,6744,3597308
481,628128,6487,621641,4137800,6487,4131313,1852639,6487,1846152,1603405,6487,1596918,4569570,6487,4563083,3514957,6487,3508469,3644927,6487,3638440,6910747,6487,6904260,3231584,6487,3225097,2491068,6487,2484580,6109225,6487,6102738,2259933,6487,2253446
482,721578,6613,714965,4560288,6613,4553675,1974643,6613,1968030,2024203,6613,2017589,5007341,6613,5000727,3989358,6613,3982744,3687713,6613,3681099,7678758,6613,7672145,3310950,6613,3304337,2847037,6613,2840424,6788145,6613,6781532,2741191,6613,2734578
483,628128,6487,621641,4137800,6487,4131313,1852639,6487,1846152,1603405,6487,1596918,4569570,6487,4563083,3514957,6487,3508469,3644927,6487,3638440,6910747,6487,6904260,3231584,6487,3225097,2491068,6487,2484580,6109225,6487,6102738,2259933,6487,2253446
484,706128,6770,699357,4854287,6770,4847516,2167395,6770,2160624,2274655,6770,2267884,5153827,6770,5147056,5263581,6770,5256810,3737085,6770,3730314,9014181,6770,9007410,3792056,6770,3785286,3333832,6770,3327061,8319324,6770,8312553,3908174,6770,3901403
485,628128,6487,621641,4137800,6487,4131313,1852639,6487,1846152,1603405,6487,1596918,4569570,6487,4563083,3514957,6487,3508469,3644927,6487,3638440,6910747,6487,6904260,3231584,6487,3225097,2491068,6487,2484580,6109225,6487,6102738,2259933,6487,2253446
486,720258,6691,713566,4698027,6691,4691335,2052672,6691,2045980,2416758,6691,2410066,5166030,6691,5159338,4083680,6691,4076988,4092187,6691,4085495,8521696,6691,8515004,3415363,6691,3408671,3315876,6691,3309184,7546116,6691,7539424,2865997,6691,2859305
487,628128,6487,621641,4137800,6487,4131313,1852639,6487,1846152,1603405,6487,1596918,4569570,6487,4563083,3514957,6487,3508469,3644927,6487,3638440,6910747,6487,6904260,3231584,6487,3225097,2491068,6487,2484580,6109225,6487,6102738,2259933,6487,2253446
488,674908,6708,668200,4801545,6708,4794837,2178683,6708,2171975,2067652,6708,2060944,5073679,6708,5066971,4977350,6708,4970642,3660598,6708,3653890,8505669,6708,8498961,3726556,6708,3719848,3113392,6708,3106683,7780734,6708,7774026,3556178,6708,3549470
489,628128,6487,621641,4137800,6487,4131313,1852639,6487,1846152,1603405,6487,1596918,4569570,6487,4563083,3514957,6487,3508469,3644927,6487,3638440,6910747,6487,6904260,3231584,6487,3225097,2491068,6487,2484580,6109225,6487,6102738,2259933,6487,2253446
490,681050,6668,674382,4538591,6668,4531923,2014493,6668,2007825,2153987,6668,2147319,4901231,6668,4894563,4363761,6668,4357093,3976197,6668,3969529,8429906,6668,8423238,3446119,6668,3439451,3166611,6668,3159943,7582848,6668,7576180,3060967,6668,3054299
491,628128,6487,621641,4137800,6487,4131313,1852639,6487,1846152,1603405,6487,1596918,4569570,6487,4563083,3514957,6487,3508469,3644927,6487,3638440,6910747,6487,6904260,3231584,6487,3225097,2491068,6487,2484580,6109225,6487,6102738,2259933,6487,2253446
492,770959,6895,764064,5427881,6895,5420986,2432639,6895,2425744,2950019,6895,2943124,5756271,6895,5749376,5445263,6895,5438368,4498210,6895,4491315,10514625,6895,10507730,4018306,6895,4011411,4241106,6895,4234211,9514039,6895,9507144,4227625,6895,4220730
493,628128,6487,621641,4137800,6487,4131313,1852639,6487,1846152,1603405,6487,1596918,4569570,6487,4563083,3514957,6487,3508469,3644927,6487,3638440,6910747,6487,6904260,3231584,6487,3225097,2491068,6487,2484580,6109225,6487,6102738,2259933,6487,2253446
494,637429,6602,630826,4380858,6602,4374256,1961715,6602,1955113,2057789,6602,2051186,4747828,6602,4741225,3974331,6602,3967728,3775287,6602,3768684,7916958,6602,7910355,3272625,6602,3266022,3012148,6602,3005545,7026677,6602,7020074,2758019,6602,2751417
495,628128,6487,621641,4137800,6487,4131313,1852639,6487,1846152,1603405,6487,1596918,4569570,6487,4563083,3514957,6487,3508469,3644927,6487,3638440,6910747,6487,6904260,3231584,6487,3225097,2491068,6487,2484580,6109225,6487,6102738,2259933,6487,2253446
496,724160,6744,717415,5095682,6744,5088938,2291236,6744,2284492,2246174,6744,2239430,5451477,6744,5444733,5000116,6744,4993372,3633564,6744,3626819,8464606,6744,8457862,3835741,6744,3828996,3131889,6744,3125144,7739626,6744,7732881,3497590,6744,3490846
497,625981,6503,619477,4155382,6503,4148878,1863890,6503,1857386,1683698,6503,1677194,4569231,6503,4562727,3546643,6503,3540139,3729240,6503,3722736,7119660,6503,7113157,3226422,6503,3219918,2606104,6503,2599600,6286659,6503,6280155,2307815,6503,2301311
498,695081,6867,688214,4949026,6867,4942159,2241909,6867,2235042,2886684,6867,2879816,5164761,6867,5157894,5638587,6867,5631720,4604276,6867,4597409,10977760,6867,10970892,3927014,6867,3920147,4435228,6867,4428360,10081116,6867,10074249,4614701,6867,4607833
499,625981,6503,619477,4155382,6503,4148878,1863890,6503,1857386,1683698,6503,1677194,4569231,6503,4562727,3546643,6503,3540139,3729240,6503,3722736,7119660,6503,7113157,3226422,6503,3219918,2606104,6503,2599600,6286659,6503,6280155,2307815,6503,2301311
500,638925,6695,632230,4601123,6695,4594428,2098256,6695,2091561,2135695,6695,2129000,4863685,6695,4856990,4759285,6695,4752590,3813741,6695,3807046,8671549,6695,8664854,3586438,6695,3579743,3280877,6695,3274182,7883665,6695,7876970,3488883,6695,3482188
501,625981,6503,619477,4155382,6503,4148878,1863890,6503,1857386,1683698,6503,1677194,4569231,6503,4562727,3546643,6503,3540139,3729240,6503,3722736,7119660,6503,7113157,3226422,6503,3219918,2606104,6503,2599600,6286659,6503,6280155,2307815,6503,2301311
502,746436,6857,739579,5184712,6857,5177854,2318329,6857,2311472,2689976,6857,2683118,5560507,6857,5553649,5108504,6857,5101647,4371054,6857,4364197,9883609,6857,9876752,3905961,6857,3899104,3868016,6857,3861159,8924984,6857,8918127,3811381,6857,3804523
503,625981,6503,619477,4155382,6503,4148878,1863890,6503,1857386,1683698,6503,1677194,4569231,6503,4562727,3546643,6503,3540139,3729240,6503,3722736,7119660,6503,7113157,3226422,6503,3219918,2606104,6503,2599600,6286659,6503,6280155,2307815,6503,2301311
504,630689,6693,623996,4522591,6693,4515897,2057588,6693,2050894,2447722,6693,2441028,4815479,6693,4808785,4186675,6693,4179981,4339686,6693,4332993,9143644,6693,9136950,3359611,6693,3352918,3720815,6693,3714121,8082051,6693,8075358,3148909,6693,3142215
505,625981,6503,619477,4155382,6503,4148878,1863890,6503,1857386,1683698,6503,1677194,4569231,6503,4562727,3546643,6503,3540139,3729240,6503,3722736,7119660,6503,7113157,3226422,6503,3219918,2606104,6503,2599600,6286659,6503,6280155,2307815,6503,2301311
506,706178,6729,699448,4807297,6729,4800568,2134911,6729,2128181,2595974,6729,2589244,5178346,6729,5171617,4389659,6729,4382929,4269227,6729,4262497,9128603,6729,9121873,3491324,6729,3484594,3630749,6729,3624019,8136289,6729,8129560,3158705,6729,3151975
507,625981,6503,619477,4155382,6503,4148878,1863890,6503,1857386,1683698,6503,1677194,4569231,6503,4562727,3546643,6503,3540139,3729240,6503,3722736,7119660,6503,7113157,3226422,6503,3219918,2606104,6503,2599600,6286659,6503,6280155,2307815,6503,2301311
508,663687,6740,656947,4517705,6740,4510964,2014433,6740,2007693,2512078,6740,2505338,4819205,6740,4812465,4516146,6740,4509405,4232716,6740,4225976,9387681,6740,9380941,3440589,6740,3433849,3767328,6740,3760588,8421321,6740,8414581,3548492,6740,3541752
509,625981,6503,619477,4155382,6503,4148878,1863890,6503,1857386,1683698,6503,1677194,4569231,6503,4562727,3546643,6503,3540139,3729240,6503,3722736,7119660,6503,7113157,3226422,6503,3219918,2606104,6503,2599600,6286659,6503,6280155,2307815,6503,2301311
510,662153,6784,655369,4995305,6784,4988521,2309233,6784,2302449,2627507,6784,2620723,5208135,6784,5201351,5197902,6784,5191117,4265365,6784,4258581,9767013,6784,9760229,3870678,6784,3863894,3826671,6784,3819886,8953782,6784,8946998,3785246,6784,3778462
511,625981,6503,619477,4155382,6503,4148878,1863890,6503,1857386,1683698,6503,1677194,4569231,6503,4562727,3546643,6503,3540139,3729240,6503,3722736,7119660,6503,7113157,3226422,6503,3219918,2606104,6503,2599600,6286659,6503,6280155,2307815,6503,2301311
512,637465,6706,630758,4575583,6706,4568877,2085965,6706,2079258,2119380,6706,2112674,4880066,6706,4873360,4735253,6706,4728547,3846020,6706,3839313,8610418,6706,8603712,3625024,6706,3618317,3208192,6706,3201486,7865481,6706,7858775,3385257,6706,3378550
513,625981,6503,619477,4155382,6503,4148878,1863890,6503,1857386,1683698,6503,1677194,4569231,6503,4562727,3546643,6503,3540139,3729240,6503,3722736,7119660,6503,7113157,3226422,6503,3219918,2606104,6503,2599600,6286659,6503,6280155,2307815,6503,2301311
514,717261,6776,710484,4982235,6776,4975459,2228452,6776,2221676,2517064,6776,2510287,5364304,6776,5357527,4699017,6776,4692241,4235887,6776,4229110,9260677,6776,9253901,3662111,6776,3655335,3639213,6776,3632436,8284029,6776,8277253,3418721,6776,3411945
515,625981,6503,619477,4155382,6503,4148878,1863890,6503,1857386,1683698,6503,1677194,4569231,6503,4562727,3546643,6503,3540139,3729240,6503,3722736,7119660,6503,7113157,3226422,6503,3219918,2606104,6503,2599600,6286659,6503,6280155,2307815,6503,2301311
516,655108,6736,648372,4777874,6736,4771138,2183791,6736,2177055,2409594,6736,2402858,5023939,6736,5017203,4845476,6736,4838740,4126645,6736,4119909,9295533,6736,9288797,3651833,6736,3645097,3624394,6736,3617658,8405020,6736,8398284,3578569,6736,3571833
517,625981,6503,619477,4155382,6503,4148878,1863890,6503,1857386,1683698,6503,1677194,4569231,6503,4562727,3546643,6503,3540139,3729240,6503,3722736,7119660,6503,7113157,3226422,6503,3219918,2606104,6503,2599600,6286659,6503,6280155,2307815,6503,2301311
518,625662,6639,619023,4457280,6639,4450641,2038287,6639,2031648,2080384,6639,2073745,4685842,6639,4679202,4273605,6639,4266966,4013594,6639,4006954,8563914,6639,8557275,3429475,6639,3422836,3308463,6639,3301824,7610558,6639,7603919,3140638,6639,3133999
519,625981,6503,619477,4155382,6503,4148878,1863890,6503,1857386,1683698,6503,1677194,4569231,6503,4562727,3546643,6503,3540139,3729240,6503,3722736,7119660,6503,7113157,3226422,6503,3219918,2606104,6503,2599600,6286659,6503,6280155,2307815,6503,2301311
520,751803,6836,744966,5133132,6836,5126295,2274418,6836,2267581,2919532,6836,2912695,5521062,6836,5514226,4991385,6836,4984548,4416681,6836,4409845,9850230,6836,9843393,3790044,6836,3783207,3891748,6836,3884912,8973666,6836,8966830,3576045,6836,3569209
521,625981,6503,619477,4155382,6503,4148878,1863890,6503,1857386,1683698,6503,1677194,4569231,6503,4562727,3546643,6503,3540139,3729240,6503,3722736,7119660,6503,7113157,3226422,6503,3219918,2606104,6503,2599600,6286659,6503,6280155,2307815,6503,2301311
522,619744,6631,613112,4426385,6631,4419754,2019009,6631,2012378,2112252,6631,2105620,4659387,6631,4652756,4209453,6631,4202822,3967532,6631,3960901,8539683,6631,8533052,3340661,6631,3334029,3351625,6631,3344994,7553403,6631,7546771,3149947,6631,3143316
523,620461,6498,613963,4133006,6498,4126508,1858517,6498,1852019,1663644,6498,1657146,4535393,6498,4528895,3538830,6498,3532332,3734297,6498,3727798,7112623,6498,7106124,3221507,6498,3215009,2602584,6498,2596086,6280333,6498,6273835,2304516,6498,2298018
524,666398,6676,659721,4540007,6676,4533331,2026576,6676,2019900,2309035,6676,2302358,4846342,6676,4839665,4375690,6676,4369013,4006861,6676,4000184,8734226,6676,8727549,3400085,6676,3393408,3411836,6676,3405159,7818874,6676,7812198,3238401,6676,3231724
525,620461,6498,613963,4133006,6498,4126508,1858517,6498,1852019,1663644,6498,1657146,4535393,6498,4528895,3538830,6498,3532332,3734297,6498,3727798,7112623,6498,7106124,3221507,6498,3215009,2602584,6498,2596086,6280333,6498,6273835,2304516,6498,2298018
526,693657,6681,686976,4531866,6681,4525185,1989416,6681,1982735,2166615,6681,2159933,4924349,6681,4917668,4152562,6681,4145880,3944236,6681,3937555,8444476,6681,8437795,3355789,6681,3349107,3275526,6681,3268845,7439001,6681,7432319,3132056,6681,3125375
527,620461,6498,613963,4133006,6498,4126508,1858517,6498,1852019,1663644,6498,1657146,4535393,6498,4528895,3538830,6498,3532332,3734297,6498,3727798,7112623,6498,7106124,3221507,6498,3215009,2602584,6498,2596086,6280333,6498,6273835,2304516,6498,2298018
528,716952,6711,710241,5054599,6711,5047888,2278465,6711,2271754,2236998,6711,2230287,5382273,6711,5375561,4627049,6711,4620337,3829910,6711,3823198,8514672,6711,8507961,3674620,6711,3667909,3283464,6711,3276753,7574607,6711,7567896,3319458,6711,3312747
529,620461,6498,613963,4133006,6498,4126508,1858517,6498,1852019,1663644,6498,1657146,4535393,6498,4528895,3538830,6498,3532332,3734297,6498,3727798,7112623,6498,7106124,3221507,6498,3215009,2602584,6498,2596086,6280333,6498,6273835,2304516,6498,2298018
530,688032,6818,681214,4757667,6818,4750848,2125651,6818,2118832,2572450,6818,2565632,5070214,6818,5063396,5097312,6818,5090493,4350995,6818,4344176,10043329,6818,10036511,3684354,6818,3677535,3949194,6818,3942376,9084119,6818,9077300,4025029,6818,4018211
531,620461,6498,613963,4133006,6498,4126508,1858517,6498,1852019,1663644,6498,1657146,4535393,6498,4528895,3538830,6498,3532332,3734297,6498,3727798,7112623,6498,7106124,3221507,6498,3215009,2602584,6498,2596086,6280333,6498,6273835,2304516,6498,2298018
532,646811,6547,640264,4068777,6547,4062230,1775907,6547,1769360,1853472,6547,1846925,4428934,6547,4422387,3752084,6547,3745537,3748444,6547,3741897,7659484,6547,7652937,3103764,6547,3097217,2860412,6547,2853864,6769320,6547,6762773,2708141,6547,2701593
533,618795,6482,612313,3976552,6482,3970070,1769279,6482,1762797,1642270,6482,1635788,4364126,6482,4357644,3487746,6482,3481264,3742030,6482,3735548,7128912,6482,7122430,3144369,6482,3137887,2598594,6482,2592112,6309602,6482,6303120,2331397,6482,2324915
534,735359,6854,728504,4957066,6854,4950212,2190306,6854,2183452,2883829,6854,2876974,5280789,6854,5273935,5040550,6854,5033695,4542257,6854,4535402,10432503,6854,10425649,3720371,6854,3713517,4244081,6854,4237227,9375624,6854,9368770,4086324,6854,4079470
535,618795,6482,612313,3976552,6482,3970070,1769279,6482,1762797,1642270,6482,1635788,4364126,6482,4357644,3487746,6482,3481264,3742030,6482,3735548,7128912,6482,7122430,3144369,6482,3137887,2598594,6482,2592112,6309602,6482,6303120,2331397,6482,2324915
536,726980,6740,720239,4673223,6740,4666483,2027243,6740,2020503,2728303,6740,2721563,5095875,6740,5089135,4166593,6740,4159852,4426179,6740,4419439,9359762,6740,9353022,3360599,6740,3353859,3809444,6740,3802704,8268781,6740,8262040,3171758,6740,3165017
537,618795,6482,612313,3976552,6482,3970070,1769279,6482,1762797,1642270,6482,1635788,4364126,6482,4357644,3487746,6482,3481264,3742030,6482,3735548,7128912,6482,7122430,3144369,6482,3137887,2598594,6482,2592112,6309602,6482,6303120,2331397,6482,2324915
538,683993,6837,677156,5062006,6837,5055168,2321075,6837,2314238,2828023,6837,2821186,5309895,6837,5303057,5178180,6837,5171342,4502638,6837,4495800,10280568,6837,10273731,3888660,6837,3881823,4143147,6837,4136310,9341357,6837,9334520,3951641,6837,3944804
539,618795,6482,612313,3976552,6482,3970070,1769279,6482,1762797,1642270,6482,1635788,4364126,6482,4357644,3487746,6482,3481264,3742030,6482,3735548,7128912,6482,7122430,3144369,6482,3137887,2598594,6482,2592112,6309602,6482,6303120,2331397,6482,2324915
540,663849,6642,657206,4620576,6642,4613934,2092470,6642,2085828,2027953,6642,2021311,4964038,6642,4957396,4225380,6642,4218738,3903585,6642,3896943,8136056,6642,8129414,3525277,6642,3518635,3075017,6642,3068375,7255270,6642,7248628,2939183,6642,2932540
541,618795,6482,612313,3976552,6482,3970070,1769279,6482,1762797,1642270,6482,1635788,4364126,6482,4357644,3487746,6482,3481264,3742030,6482,3735548,7128912,6482,7122430,3144369,6482,3137887,2598594,6482,2592112,6309602,6482,6303120,2331397,6482,2324915
542,669003,6775,662227,4941085,6775,4934309,2271600,6775,2264824,2368644,6775,2361869,5219319,6775,5212543,5011830,6775,5005054,4062416,6775,4055641,9209165,6775,9202389,3852643,6775,3845867,3533174,6775,3526398,8394834,6775,8388058,3637220,6775,3630444
543,618795,6482,612313,3976552,6482,3970070,1769279,6482,1762797,1642270,6482,1635788,4364126,6482,4357644,3487746,6482,3481264,3742030,6482,3735548,7128912,6482,7122430,3144369,6482,3137887,2598594,6482,2592112,6309602,6482,6303120,2331397,6482,2324915
544,668912,6613,662298,4365122,6613,4358508,1936036,6613,1929422,1901156,6613,1894543,4694220,6613,4687607,4292618,6613,4286004,3676046,6613,3669433,7840144,6613,7833530,3427839,6613,3421225,2846394,6613,2839781,7120304,6613,7113690,3010944,6613,3004330
545,617547,6490,611056,3985030,6490,3978540,1774879,6490,1768388,1684570,6490,1678080,4363771,6490,4357280,3503902,6490,3497411,3786022,6490,3779532,7237470,6490,7230979,3141968,6490,3135478,2658636,6490,2652145,6402462,6490,6395972,2356140,6490,2349650
546,641117,6726,634390,4779771,6726,4773044,2217479,6726,2210752,2212453,6726,2205726,4958876,6726,4952149,5080543,6726,5073816,3969499,6726,3962772,9110020,6726,9103293,3833054,6726,3826327,3437410,6726,3430683,8357096,6726,8350369,3717283,6726,3710556
547,617547,6490,611056,3985030,6490,3978540,1774879,6490,1768388,1684570,6490,1678080,4363771,6490,4357280,3503902,6490,3497411,3786022,6490,3779532,7237470,6490,7230979,3141968,6490,3135478,2658636,6490,2652145,6402462,6490,6395972,2356140,6490,2349650
548,670971,6715,664255,4759273,6715,4752557,2164290,6715,2157574,2120674,6715,2113959,5031386,6715,5024670,4982820,6715,4976104,3795300,6715,3788585,8627463,6715,8620747,3768546,6715,3761830,3138789,6715,3132073,7949831,6715,7943115,3485694,6715,3478978
549,617547,6490,611056,3985030,6490,3978540,1774879,6490,1768388,1684570,6490,1678080,4363771,6490,4357280,3503902,6490,3497411,3786022,6490,3779532,7237470,6490,7230979,3141968,6490,3135478,2658636,6490,2652145,6402462,6490,6395972,2356140,6490,2349650
550,689616,6635,682981,4355934,6635,4349299,1876217,6635,1869581,2480466,6635,2473830,4867676,6635,4861040,3675017,6635,3668381,4157758,6635,4151122,8368267,6635,8361632,3144155,6635,3137519,3330799,6635,3324163,7389294,6635,7382658,2582007,6635,2575371
551,617547,6490,611056,3985030,6490,3978540,1774879,6490,1768388,1684570,6490,1678080,4363771,6490,4357280,3503902,6490,3497411,3786022,6490,3779532,7237470,6490,7230979,3141968,6490,3135478,2658636,6490,2652145,6402462,6490,6395972,2356140,6490,2349650
552,652687,6616,646070,4221635,6616,4215019,1859250,6616,1852633,2144859,6616,2138242,4561106,6616,4554489,3901789,6616,3895173,4112597,6616,4105981,8437165,6616,8430548,3176502,6616,3169885,3300844,6616,3294228,7443246,6616,7436629,2913793,6616,2907176
553,617547,6490,611056,3985030,6490,3978540,1774879,6490,1768388,1684570,6490,1678080,4363771,6490,4357280,3503902,6490,3497411,3786022,6490,3779532,7237470,6490,7230979,3141968,6490,3135478,2658636,6490,2652145,6402462,6490,6395972,2356140,6490,2349650
554,732761,6736,726024,4715105,6736,4708369,2041457,6736,2034720,2797186,6736,2790449,5123493,6736,5116756,4246371,6736,4239634,4267281,6736,4260545,9237502,6736,9230765,3357632,6736,3350896,3780376,6736,3773639,8225364,6736,8218628,3228531,6736,3221795
555,617547,6490,611056,3985030,6490,3978540,1774879,6490,1768388,1684570,6490,1678080,4363771,6490,4357280,3503902,6490,3497411,3786022,6490,3779532,7237470,6490,7230979,3141968,6490,3135478,2658636,6490,2652145,6402462,6490,6395972,2356140,6490,2349650
556,639248,6800,632447,4646414,6800,4639614,2129469,6800,2122669,2761545,6800,2754745,4827088,6800,4820288,4936212,6800,4929412,4801928,6800,4795128,10691437,6800,10684636,3625752,6800,3618952,4401562,6800,4394762,9594498,6800,9587698,4036723,6800,4029923
557,617547,6490,611056,3985030,6490,3978540,1774879,6490,1768388,1684570,6490,1678080,4363771,6490,4357280,3503902,6490,3497411,3786022,6490,3779532,7237470,6490,7230979,3141968,6490,3135478,2658636,6490,2652145,6402462,6490,6395972,2356140,6490,2349650
558,620530,6689,613841,4245247,6689,4238558,1917857,6689,1911167,2065276,6689,2058587,4408184,6689,4401495,4975904,6689,4969214,3947787,6689,3941098,9142217,6689,9135528,3522720,6689,3516031,3391303,6689,3384613,8409929,6689,8403239,3836063,6689,3829374
559,617547,6490,611056,3985030,6490,3978540,1774879,6490,1768388,1684570,6490,1678080,4363771,6490,4357280,3503902,6490,3497411,3786022,6490,3779532,7237470,6490,7230979,3141968,6490,3135478,2658636,6490,2652145,6402462,6490,6395972,2356140,6490,2349650
560,673548,6737,666810,4640769,6737,4634031,2084204,6737,2077466,2429041,6737,2422304,4963418,6737,4956681,4559756,6737,4553018,4344165,6737,4337428,9255056,6737,9248319,3542790,6737,3536052,3588416,6737,3581679,8332900,6737,8326163,3276741,6737,3270004
561,617547,6490,611056,3985030,6490,3978540,1774879,6490,1768388,1684570,6490,1678080,4363771,6490,4357280,3503902,6490,3497411,3786022,6490,3779532,7237470,6490,7230979,3141968,6490,3135478,2658636,6490,2652145,6402462,6490,6395972,2356140,6490,2349650
562,628529,6626,621902,4369938,6626,4363311,1976251,6626,1969625,2049312,6626,2042685,4609622,6626,4602995,4377871,6626,4371244,3774025,6626,3767398,8301026,6626,8294399,3388472,6626,3381846,3131007,6626,3124380,7487841,6626,7481214,3175408,6626,3168781
563,616341,6499,609842,3993695,6499,3987196,1780543,6499,1774044,1728484,6499,1721985,4363728,6499,4357229,3520259,6499,3513760,3831401,6499,3824902,7348589,6499,7342090,3139795,6499,3133296,2720317,6499,2713818,6497977,6499,6491478,2381308,6499,2374809
564,605225,6670,598554,4397514,6670,4390844,2037365,6670,2030695,2141870,6670,2135199,4532726,6670,4526056,4715782,6670,4709112,4079056,6670,4072386,9003763,6670,8997093,3584080,6670,3577410,3440332,6670,3433662,8219456,6670,8212786,3511872,6670,3505202
565,611150,6493,604657,3972272,6493,3965779,1775357,6493,1768863,1708929,6493,1702435,4331071,6493,4324578,3512655,6493,3506162,3836464,6493,3829971,7341451,6493,7334958,3134976,6493,3128483,2716731,6493,2710237,6491512,6493,6485018,2377989,6493,2371495
566,631567,6643,624923,4211000,6643,4204356,1869210,6643,1862566,2370192,6643,2363548,4503503,6643,4496859,4041499,6643,4034855,4181512,6643,4174868,8857930,6643,8851286,3170868,6643,3164224,3553117,6643,3546473,7877755,6643,7871111,3096900,6643,3090256
567,611150,6493,604657,3972272,6493,3965779,1775357,6493,1768863,1708929,6493,1702435,4331071,6493,4324578,3512655,6493,3506162,3836464,6493,3829971,7341451,6493,7334958,3134976,6493,3128483,2716731,6493,2710237,6491512,6493,6485018,2377989,6493,2371495
568,705983,6711,699271,4695377,6711,4688665,2066980,6711,2060268,2610768,6711,2604056,5122662,6711,5115951,4205947,6711,4199235,4178715,6711,4172003,8802604,6711,8795892,3437240,6711,3430529,3486671,6711,3479959,7898079,6711,7891367,2948126,6711,2941414
569,611150,6493,604657,3972272,6493,3965779,1775357,6493,1768863,1708929,6493,1702435,4331071,6493,4324578,3512655,6493,3506162,3836464,6493,3829971,7341451,6493,7334958,3134976,6493,3128483,2716731,6493,2710237,6491512,6493,6485018,2377989,6493,2371495
570,701241,6724,694516,4764367,6724,4757642,2113727,6724,2107002,2384832,6724,2378107,5171906,6724,5165181,4389068,6724,4382343,4039371,6724,4032646,8765133,6724,8758409,3520365,6724,3513640,3405960,6724,3399236,7804905,6724,7798180,3180278,6724,3173553
571,611150,6493,604657,3972272,6493,3965779,1775357,6493,1768863,1708929,6493,1702435,4331071,6493,4324578,3512655,6493,3506162,3836464,6493,3829971,7341451,6493,7334958,3134976,6493,3128483,2716731,6493,2710237,6491512,6493,6485018,2377989,6493,2371495
572,643587,6796,636790,4742900,6796,4736104,2176019,6796,2169223,2841559,6796,2834762,4956383,6796,4949587,4928656,6796,4921860,4675499,6796,4668703,10453448,6796,10446652,3664000,6796,3657203,4290401,6796,4283605,9441473,6796,9434677,3880099,6796,3873303
573,611150,6493,604657,3972272,6493,3965779,1775357,6493,1768863,1708929,6493,1702435,4331071,6493,4324578,3512655,6493,3506162,3836464,6493,3829971,7341451,6493,7334958,3134976,6493,3128483,2716731,6493,2710237,6491512,6493,6485018,2377989,6493,2371495
574,696350,6820,689529,4782101,6820,4775281,2137433,6820,2130612,2641176,6820,2634356,5031638,6820,5024817,5116104,6820,5109283,4431913,6820,4425092,10274358,6820,10267537,3672477,6820,3665656,4132622,6820,4125802,9257271,6820,9250450,4192088,6820,4185267
575,611150,6493,604657,3972272,6493,3965779,1775357,6493,1768863,1708929,6493,1702435,4331071,6493,4324578,3512655,6493,3506162,3836464,6493,3829971,7341451,6493,7334958,3134976,6493,3128483,2716731,6493,2710237,6491512,6493,6485018,2377989,6493,2371495
576,679119,6718,672401,4617431,6718,4610712,2052207,6718,2045488,2593973,6718,2587255,5005342,6718,4998623,4299353,6718,4292635,4222594,6718,4215876,8971198,6718,8964479,3432729,6718,3426011,3563359,6718,3556640,8078997,6718,8072278,3061766,6718,3055048
577,611150,6493,604657,3972272,6493,3965779,1775357,6493,1768863,1708929,6493,1702435,4331071,6493,4324578,3512655,6493,3506162,3836464,6493,3829971,7341451,6493,7334958,3134976,6493,3128483,2716731,6493,2710237,6491512,6493,6485018,2377989,6493,2371495
578,672742,6759,665983,4416976,6759,4410216,1949576,6759,1942817,2576796,6759,2570037,4672404,6759,4665645,4627562,6759,4620802,4536886,6759,4530126,10008011,6759,10001251,3393692,6759,3386933,4043290,6759,4036531,8950823,6759,8944063,3796459,6759,3789699
579,611150,6493,604657,3972272,6493,3965779,1775357,6493,1768863,1708929,6493,1702435,4331071,6493,4324578,3512655,6493,3506162,3836464,6493,3829971,7341451,6493,7334958,3134976,6493,3128483,2716731,6493,2710237,6491512,6493,6485018,2377989,6493,2371495
580,632118,6615,625502,4375880,6615,4369265,1982720,6615,1976105,1953848,6615,1947233,4627635,6615,4621020,4313130,6615,4306514,3800766,6615,3794151,8169621,6615,8163005,3402941,6615,3396325,3068470,6615,3061855,7345164,6615,7338549,3106929,6615,3100313
581,611150,6493,604657,3972272,6493,3965779,1775357,6493,1768863,1708929,6493,1702435,4331071,6493,4324578,3512655,6493,3506162,3836464,6493,3829971,7341451,6493,7334958,3134976,6493,3128483,2716731,6493,2710237,6491512,6493,6485018,2377989,6493,2371495
582,694307,6759,687548,4706548,6759,4699788,2092018,6759,2085259,2466295,6759,2459536,5062958,6759,5056199,4661716,6759,4654956,4173753,6759,4166994,9262738,6759,9255979,3600980,6759,3594221,3590443,6759,3583684,8346148,6759,8339389,3483039,6759,3476280
583,611150,6493,604657,3972272,6493,3965779,1775357,6493,1768863,1708929,6493,1702435,4331071,6493,4324578,3512655,6493,3506162,3836464,6493,3829971,7341451,6493,7334958,3134976,6493,3128483,2716731,6493,2710237,6491512,6493,6485018,2377989,6493,2371495
584,619589,6559,613029,4246412,6559,4239853,1912314,6559,1905754,1829153,6559,1822593,4649325,6559,4642765,3943131,6559,3936571,3615620,6559,3609060,7467053,6559,7460494,3346671,6559,3340111,2725030,6559,2718471,6715853,6559,6709293,2662656,6559,2656097
585,612458,6484,605973,3963685,6484,3957201,1769644,6484,1763159,1664726,6484,1658241,4331302,6484,4324818,3496151,6484,3489666,3790778,6484,3784293,7229313,6484,7222828,3137205,6484,3130720,2654493,6484,2648008,6395149,6484,6388664,2352590,6484,2346106
586,690006,6704,683301,4445153,6704,4438448,1943491,6704,1936786,2249577,6704,2242872,4744761,6704,4738056,4573724,6704,4567019,4009963,6704,4003258,9012472,6704,9005767,3384246,6704,3377541,3481626,6704,3474921,8079243,6704,8072538,3594935,6704,3588230
587,612458,6484,605973,3963685,6484,3957201,1769644,6484,1763159,1664726,6484,1658241,4331302,6484,4324818,3496151,6484,3489666,3790778,6484,3784293,7229313,6484,7222828,3137205,6484,3130720,2654493,6484,2648008,6395149,6484,6388664,2352590,6484,2346106
588,698635,6720,691915,4755692,6720,4748972,2120576,6720,2113856,2311450,6720,2304730,5144346,6720,5137626,4655940,6720,4649220,3836715,6720,3829995,8505189,6720,8498469,3680322,6720,3673602,3164544,6720,3157824,7791712,6720,7784992,3227840,6720,3221120
589,612458,6484,605973,3963685,6484,3957201,1769644,6484,1763159,1664726,6484,1658241,4331302,6484,4324818,3496151,6484,3489666,3790778,6484,3784293,7229313,6484,7222828,3137205,6484,3130720,2654493,6484,2648008,6395149,6484,6388664,2352590,6484,2346106
590,675227,6681,668545,4490852,6681,4484170,1980942,6681,1974261,2327001,6681,2320319,4877133,6681,4870451,4201915,6681,4195233,4051944,6681,4045263,8703179,6681,8696497,3353998,6681,3347316,3400310,6681,3393628,7734300,6681,7727618,3122769,6681,3116088
591,612458,6484,605973,3963685,6484,3957201,1769644,6484,1763159,1664726,6484,1658241,4331302,6484,4324818,3496151,6484,3489666,3790778,6484,3784293,7229313,6484,7222828,3137205,6484,3130720,2654493,6484,2648008,6395149,6484,6388664,2352590,6484,2346106
592,634840,6597,628242,4143006,6597,4136408,1841978,6597,1835380,1960953,6597,1954356,4451819,6597,4445221,4067388,6597,4060791,4009290,6597,4002693,8240358,6597,8233761,3257071,6597,3250473,3092047,6597,3085450,7380358,6597,7373760,2929601,6597,2923004
593,612458,6484,605973,3963685,6484,3957201,1769644,6484,1763159,1664726,6484,1658241,4331302,6484,4324818,3496151,6484,3489666,3790778,6484,3784293,7229313,6484,7222828,3137205,6484,3130720,2654493,6484,2648008,6395149,6484,6388664,2352590,6484,2346106
594,734730,6824,727906,4753381,6824,4746557,2067052,6824,2060228,2802656,6824,2795832,5145212,6824,5138388,4904241,6824,4897417,4402276,6824,4395452,9909117,6824,9902293,3630152,6824,3623328,3884895,6824,3878071,9035018,6824,9028194,3722472,6824,3715648
595,612458,6484,605973,3963685,6484,3957201,1769644,6484,1763159,1664726,6484,1658241,4331302,6484,4324818,3496151,6484,3489666,3790778,6484,3784293,7229313,6484,7222828,3137205,6484,3130720,2654493,6484,2648008,6395149,6484,6388664,2352590,6484,2346106
596,696757,6768,689988,4835172,6768,4828403,2171613,6768,2164844,2221693,6768,2214924,5107627,6768,5100858,5264871,6768,5258102,3756133,6768,3749364,9025524,6768,9018756,3803633,6768,3796864,3342071,6768,3335302,8317710,6768,8310941,3934125,6768,3927356
597,613809,6476,607332,3955287,6476,3948810,1763998,6476,1757521,1622167,6476,1615691,4331850,6476,4325374,3479852,6476,3473376,3746505,6476,3740028,7119786,6476,7113310,3139666,6476,3133190,2593928,6476,2587451,6301494,6476,6295017,2327624,6476,2321148
598,677383,6586,670797,4145376,6586,4138789,1775781,6586,1769194,2004293,6586,1997707,4602013,6586,4595426,3707863,6586,3701277,3837945,6586,3831359,7853511,6586,7846924,3099660,6586,3093074,2979293,6586,2972706,6900120,6586,6893534,2728023,6586,2721437
599,613809,6476,607332,3955287,6476,3948810,1763998,6476,1757521,1622167,6476,1615691,4331850,6476,4325374,3479852,6476,3473376,3746505,6476,3740028,7119786,6476,7113310,3139666,6476,3133190,2593928,6476,2587451,6301494,6476,6295017,2327624,6476,2321148
600,694490,6657,687832,4423012,6657,4416354,1922823,6657,1916166,2137719,6657,2131062,4815245,6657,4808587,4203238,6657,4196580,3901333,6657,3894675,8294880,6657,8288223,3301049,6657,3294392,3115411,6657,3108753,7406402,6657,7399744,3011553,6657,3004896
601,613809,6476,607332,3955287,6476,3948810,1763998,6476,1757521,1622167,6476,1615691,4331850,6476,4325374,3479852,6476,3473376,3746505,6476,3740028,7119786,6476,7113310,3139666,6476,3133190,2593928,6476,2587451,6301494,6476,6295017,2327624,6476,2321148
602,679124,6729,672395,4505218,6729,4498489,1990732,6729,1984003,2271117,6729,2264388,4808302,6729,4801573,4787682,6729,4780953,3973783,6729,3967053,9112647,6729,9105918,3510266,6729,3503537,3482848,6729,3476119,8259762,6729,8253033,3714162,6729,3707433
603,613809,6476,607332,3955287,6476,3948810,1763998,6476,1757521,1622167,6476,1615691,4331850,6476,4325374,3479852,6476,3473376,3746505,6476,3740028,7119786,6476,7113310,3139666,6476,3133190,2593928,6476,2587451,6301494,6476,6295017,2327624,6476,2321148
604,618032,6602,611429,4030521,6602,4023918,1785767,6602,1779164,2249262,6602,2242659,4355879,6602,4349276,3661185,6602,3654582,4347285,6602,4340682,8665617,6602,8659014,3057685,6602,3051083,3480003,6602,3473401,7609567,6602,7602964,2770011,6602,2763408
605,613760,6465,607294,3930504,6465,3924038,1748906,6465,1742440,1614996,6465,1608530,4318103,6465,4311637,3405884,6465,3399418,3745420,6465,3738954,7057361,6465,7050896,3110331,6465,3103865,2577511,6465,2571045,6228342,6465,6221876,2272563,6465,2266098
606,674494,6778,667716,4721903,6778,4715124,2129876,6778,2123097,2613819,6778,2607040,5000975,6778,4994196,4586751,6778,4579972,4551007,6778,4544228,9862413,6778,9855634,3536629,6778,3529850,4018563,6778,4011784,8763407,6778,8756628,3594392,6778,3587613
607,613760,6465,607294,3930504,6465,3924038,1748906,6465,1742440,1614996,6465,1608530,4318103,6465,4311637,3405884,6465,3399418,3745420,6465,3738954,7057361,6465,7050896,3110331,6465,3103865,2577511,6465,2571045,6228342,6465,6221876,2272563,6465,2266098
608,629336,6681,622655,4490566,6681,4483885,2060669,6681,2053988,2118725,6681,2112044,4654238,6681,4647557,4784859,6681,4778178,4031080,6681,4024399,9010554,6681,9003873,3608347,6681,3601666,3413078,6681,3406396,8189018,6681,8182337,3583860,6681,3577179
609,613760,6465,607294,3930504,6465,3924038,1748906,6465,1742440,1614996,6465,1608530,4318103,6465,4311637,3405884,6465,3399418,3745420,6465,3738954,7057361,6465,7050896,3110331,6465,3103865,2577511,6465,2571045,6228342,6465,6221876,2272563,6465,2266098
610,707450,6808,700642,5049483,6808,5042675,2285895,6808,2279087,2795849,6808,2789040,5353208,6808,5346400,4898838,6808,4892030,4541350,6808,4534542,9925430,6808,9918621,3774775,6808,3767966,3949324,6808,3942516,8969000,6808,8962191,3529769,6808,3522961
611,613760,6465,607294,3930504,6465,3924038,1748906,6465,1742440,1614996,6465,1608530,4318103,6465,4311637,3405884,6465,3399418,3745420,6465,3738954,7057361,6465,7050896,3110331,6465,3103865,2577511,6465,2571045,6228342,6465,6221876,2272563,6465,2266098
612,647177,6713,640464,4659653,6713,4652940,2125903,6713,2119189,2396912,6713,2390198,4927400,6713,4920686,4619781,6713,4613067,4090880,6713,4084166,9004457,6713,8997743,3601897,6713,3595183,3496823,6713,3490109,8166366,6713,8159652,3331736,6713,3325022
613,613760,6465,607294,3930504,6465,3924038,1748906,6465,1742440,1614996,6465,1608530,4318103,6465,4311637,3405884,6465,3399418,3745420,6465,3738954,7057361,6465,7050896,3110331,6465,3103865,2577511,6465,2571045,6228342,6465,6221876,2272563,6465,2266098
614,642629,6748,635881,4525869,6748,4519121,2047133,6748,2040385,2639545,6748,2632796,4809136,6748,4802388,4380352,6748,4373604,4614318,6748,4607570,9852589,6748,9845841,3448857,6748,3442109,4016977,6748,4010229,8749193,6748,8742445,3413111,6748,3406363
615,613760,6465,607294,3930504,6465,3924038,1748906,6465,1742440,1614996,6465,1608530,4318103,6465,4311637,3405884,6465,3399418,3745420,6465,3738954,7057361,6465,7050896,3110331,6465,3103865,2577511,6465,2571045,6228342,6465,6221876,2272563,6465,2266098
616,669553,6667,662885,4608292,6667,4601624,2075566,6667,2068899,1980271,6667,1973603,4921215,6667,4914548,4686394,6667,4679726,3645393,6667,3638726,8124659,6667,8117991,3637070,6667,3630403,2919853,6667,2913186,7452832,6667,7446165,3247693,6667,3241026
617,613760,6465,607294,3930504,6465,3924038,1748906,6465,1742440,1614996,6465,1608530,4318103,6465,4311637,3405884,6465,3399418,3745420,6465,3738954,7057361,6465,7050896,3110331,6465,3103865,2577511,6465,2571045,6228342,6465,6221876,2272563,6465,2266098
618,623298,6697,616601,4633393,6697,4626696,2160529,6697,2153832,1926527,6697,1919830,4731193,6697,4724496,5187036,6697,5180339,3848709,6697,3842012,8951322,6697,8944625,3796623,6697,3789926,3292653,6697,3285956,8216582,6697,8209885,3870451,6697,3863754
619,613760,6465,607294,3930504,6465,3924038,1748906,6465,1742440,1614996,6465,1608530,4318103,6465,4311637,3405884,6465,3399418,3745420,6465,3738954,7057361,6465,7050896,3110331,6465,3103865,2577511,6465,2571045,6228342,6465,6221876,2272563,6465,2266098
620,601968,6634,595334,4265124,6634,4258489,1952186,6634,1945551,2352419,6634,2345785,4480928,6634,4474294,3976007,6634,3969373,4496881,6634,4490247,9088490,6634,9081856,3256844,6634,3250209,3653453,6634,3646819,8037497,6634,8030863,2907080,6634,2900445
621,613760,6465,607294,3930504,6465,3924038,1748906,6465,1742440,1614996,6465,1608530,4318103,6465,4311637,3405884,6465,3399418,3745420,6465,3738954,7057361,6465,7050896,3110331,6465,3103865,2577511,6465,2571045,6228342,6465,6221876,2272563,6465,2266098
622,723074,6865,716209,5092981,6865,5086115,2293766,6865,2286900,2637677,6865,2630812,5356441,6865,5349575,5543240,6865,5536375,4293015,6865,4286150,10306743,6865,10299878,3972129,6865,3965263,4030030,6865,4023165,9402048,6865,9395182,4392124,6865,4385258
623,613760,6465,607294,3930504,6465,3924038,1748906,6465,1742440,1614996,6465,1608530,4318103,6465,4311637,3405884,6465,3399418,3745420,6465,3738954,7057361,6465,7050896,3110331,6465,3103865,2577511,6465,2571045,6228342,6465,6221876,2272563,6465,2266098
624,657127,6745,650381,4786750,6745,4780005,2196110,6745,2189364,2290196,6745,2283450,4998064,6745,4991318,5017179,6745,5010434,4123036,6745,4116290,9310106,6745,9303360,3742369,6745,3735624,3538992,6745,3532247,8468456,6745,8461710,3664548,6745,3657802
625,613760,6465,607294,3930504,6465,3924038,1748906,6465,1742440,1614996,6465,1608530,4318103,6465,4311637,3405884,6465,3399418,3745420,6465,3738954,7057361,6465,7050896,3110331,6465,3103865,2577511,6465,2571045,6228342,6465,6221876,2272563,6465,2266098
626,697434,6678,690756,4560910,6678,4554232,1997048,6678,1990370,2333967,6678,2327289,4926125,6678,4919447,4157538,6678,4150859,4051760,6678,4045082,8738102,6678,8731423,3314585,6678,3307907,3448423,6678,3441744,7678610,6678,7671932,3165165,6678,3158486
627,613760,6465,607294,3930504,6465,3924038,1748906,6465,1742440,1614996,6465,1608530,4318103,6465,4311637,3405884,6465,3399418,3745420,6465,3738954,7057361,6465,7050896,3110331,6465,3103865,2577511,6465,2571045,6228342,6465,6221876,2272563,6465,2266098
628,662277,6693,655583,4462195,6693,4455502,1986356,6693,1979662,2350932,6693,2344238,4753990,6693,4747296,4318382,6693,4311688,4157410,6693,4150717,9018910,6693,9012217,3362549,6693,3355855,3566117,6693,3559423,8021066,6693,8014372,3312096,6693,3305403
629,613760,6465,607294,3930504,6465,3924038,1748906,6465,1742440,1614996,6465,1608530,4318103,6465,4311637,3405884,6465,3399418,3745420,6465,3738954,7057361,6465,7050896,3110331,6465,3103865,2577511,6465,2571045,6228342,6465,6221876,2272563,6465,2266098
630,694434,6597,687836,4362301,6597,4355703,1883547,6597,1876950,2029316,6597,2022719,4753224,6597,4746627,4064250,6597,4057653,3551773,6597,3545176,7721312,6597,7714714,3213056,6597,3206458,2897853,6597,2891256,6892678,6597,6886081,2954421,6597,2947823
631,615171,6457,608714,3922359,6457,3915902,1743348,6457,1736891,1574208,6457,1567751,4319193,6457,4312736,3389980,6457,3383522,3702774,6457,3696317,6950833,6457,6944376,3113276,6457,3106819,2518792,6457,2512335,6137871,6457,6131414,2248259,6457,2241802
632,636044,6642,629401,4338156,6642,4331513,1942560,6642,1935917,2276695,6642,2270052,4710811,6642,4704168,4107862,6642,4101220,4054953,6642,4048310,8427673,6642,8421030,3338437,6642,3331794,3252319,6642,3245676,7602071,6642,7595428,2861075,6642,2854432
633,615171,6457,608714,3922359,6457,3915902,1743348,6457,1736891,1574208,6457,1567751,4319193,6457,4312736,3389980,6457,3383522,3702774,6457,3696317,6950833,6457,6944376,3113276,6457,3106819,2518792,6457,2512335,6137871,6457,6131414,2248259,6457,2241802
634,702701,6663,696037,4783347,6663,4776683,2127206,6663,2120542,2215893,6663,2209229,5197604,6663,5190940,4186023,6663,4179360,3811812,6663,3805149,8065821,6663,8059158,3477614,6663,3470951,3069192,6663,3062528,7166337,6663,7159674,2838341,6663,2831678
635,615171,6457,608714,3922359,6457,3915902,1743348,6457,1736891,1574208,6457,1567751,4319193,6457,4312736,3389980,6457,3383522,3702774,6457,3696317,6950833,6457,6944376,3113276,6457,3106819,2518792,6457,2512335,6137871,6457,6131414,2248259,6457,2241802
636,618318,6712,611606,4253662,6712,4246950,1927134,6712,1920422,2318876,6712,2312164,4372635,6712,4365923,4801568,6712,4794855,4434069,6712,4427357,9956804,6712,9950091,3410452,6712,3403740,3966393,6712,3959680,8951556,6712,8944844,3987877,6712,3981165
637,615171,6457,608714,3922359,6457,3915902,1743348,6457,1736891,1574208,6457,1567751,4319193,6457,4312736,3389980,6457,3383522,3702774,6457,3696317,6950833,6457,6944376,3113276,6457,3106819,2518792,6457,2512335,6137871,6457,6131414,2248259,6457,2241802
638,670351,6574,663777,4407920,6574,4401346,1953435,6574,1946861,1805287,6574,1798712,4840301,6574,4833726,4062438,6574,4055863,3506910,6574,3500336,7282717,6574,7276143,3421471,6574,3414897,2585933,6574,2579359,6586270,6574,6579696,2685511,6574,2678937
639,616622,6448,610173,3914394,6448,3907945,1737856,6448,1731407,1534983,6448,1528534,4320579,6448,4314130,3374274,6448,3367825,3661474,6448,3655025,6846802,6448,6840353,3116436,6448,3109987,2461669,6448,2455220,6049980,6448,6043531,2224369,6448,2217920
640,628341,6679,621662,4542715,6679,4536036,2087054,6679,2080375,1966341,6679,1959662,4822015,6679,4815335,4585497,6679,4578818,3919672,6679,3912992,8535400,6679,8528721,3604375,6679,3597695,3199648,6679,3192969,7693602,6679,7686923,3332017,6679,3325337
641,616622,6448,610173,3914394,6448,3907945,1737856,6448,1731407,1534983,6448,1528534,4320579,6448,4314130,3374274,6448,3367825,3661474,6448,3655025,6846802,6448,6840353,3116436,6448,3109987,2461669,6448,2455220,6049980,6448,6043531,2224369,6448,2217920
642,662858,6591,656266,4225301,6591,4218709,1839936,6591,1833344,2049674,6591,2043082,4610459,6591,4603867,3893035,6591,3886444,3729180,6591,3722589,7842670,6591,7836079,3136903,6591,3130311,2998213,6591,2991622,6967470,6591,6960879,2829204,6591,2822613
643,616622,6448,610173,3914394,6448,3907945,1737856,6448,1731407,1534983,6448,1528534,4320579,6448,4314130,3374274,6448,3367825,3661474,6448,3655025,6846802,6448,6840353,3116436,6448,3109987,2461669,6448,2455220,6049980,6448,6043531,2224369,6448,2217920
644,715057,6808,708249,5125456,6808,5118648,2320302,6808,2313493,2602841,6808,2596032,5455081,6808,5448273,4997257,6808,4990449,4255138,6808,4248330,9581705,6808,9574896,3849787,6808,3842979,3751919,6808,3745111,8648869,6808,8642060,3656798,6808,3649990
645,616622,6448,610173,3914394,6448,3907945,1737856,6448,1731407,1534983,6448,1528534,4320579,6448,4314130,3374274,6448,3367825,3661474,6448,3655025,6846802,6448,6840353,3116436,6448,3109987,2461669,6448,2455220,6049980,6448,6043531,2224369,6448,2217920
646,702388,6630,695757,4406093,6630,4399462,1896628,6630,1889998,2164003,6630,2157373,4864310,6630,4857680,3889143,6630,3882513,3805789,6630,3799158,8037915,6630,8031284,3210914,6630,3204284,3104518,6630,3097887,7067452,6630,7060822,2883100,6630,2876469
647,616622,6448,610173,3914394,6448,3907945,1737856,6448,1731407,1534983,6448,1528534,4320579,6448,4314130,3374274,6448,3367825,3661474,6448,3655025,6846802,6448,6840353,3116436,6448,3109987,2461669,6448,2455220,6049980,6448,6043531,2224369,6448,2217920
648,624422,6780,617641,4657285,6780,4650505,2163613,6780,2156833,2482948,6780,2476167,4786871,6780,4780091,5119690,6780,5112909,4548779,6780,4541998,10223474,6780,10216693,3743214,6780,3736434,4043512,6780,4036732,9277459,6780,9270678,3992555,6780,3985775
649,616622,6448,610173,3914394,6448,3907945,1737856,6448,1731407,1534983,6448,1528534,4320579,6448,4314130,3374274,6448,3367825,3661474,6448,3655025,6846802,6448,6840353,3116436,6448,3109987,2461669,6448,2455220,6049980,6448,6043531,2224369,6448,2217920
650,652151,6806,645344,4789343,6806,4782536,2204063,6806,2197256,2522117,6806,2515310,4983403,6806,4976596,5196369,6806,5189562,4403753,6806,4396946,10087090,6806,10080283,3809063,6806,3802256,3982115,6806,3975308,9182510,6806,9175703,4052246,6806,4045439
651,616622,6448,610173,3914394,6448,3907945,1737856,6448,1731407,1534983,6448,1528534,4320579,6448,4314130,3374274,6448,3367825,3661474,6448,3655025,6846802,6448,6840353,3116436,6448,3109987,2461669,6448,2455220,6049980,6448,6043531,2224369,6448,2217920
652,677153,6602,670550,4283195,6602,4276592,1867880,6602,1861278,1985115,6602,1978512,4581474,6602,4574871,4133278,6602,4126675,3728619,6602,3722016,8076354,6602,8069751,3217606,6602,3211003,3065227,6602,3058624,7179995,6602,7173392,3132530,6602,3125927
653,616622,6448,610173,3914394,6448,3907945,1737856,6448,1731407,1534983,6448,1528534,4320579,6448,4314130,3374274,6448,3367825,3661474,6448,3655025,6846802,6448,6840353,3116436,6448,3109987,2461669,6448,2455220,6049980,6448,6043531,2224369,6448,2217920
654,689161,6830,682330,4870722,6830,4863891,2199180,6830,2192349,2592645,6830,2585814,5123167,6830,5116336,5302500,6830,5295669,4328450,6830,4321619,10165317,6830,10158486,3802406,6830,3795575,4010071,6830,4003240,9247427,6830,9240596,4207883,6830,4201052
655,616622,6448,610173,3914394,6448,3907945,1737856,6448,1731407,1534983,6448,1528534,4320579,6448,4314130,3374274,6448,3367825,3661474,6448,3655025,6846802,6448,6840353,3116436,6448,3109987,2461669,6448,2455220,6049980,6448,6043531,2224369,6448,2217920
656,672477,6600,665876,4380834,6600,4374233,1927859,6600,1921259,2202471,6600,2195870,4827026,6600,4820425,3703363,6600,3696762,4018131,6600,4011530,7956944,6600,7950343,3246463,6600,3239862,3073241,6600,3066640,7035299,6600,7028699,2496879,6600,2490278
657,616622,6448,610173,3914394,6448,3907945,1737856,6448,1731407,1534983,6448,1528534,4320579,6448,4314130,3374274,6448,3367825,3661474,6448,3655025,6846802,6448,6840353,3116436,6448,3109987,2461669,6448,2455220,6049980,6448,6043531,2224369,6448,2217920
658,647671,6573,641097,4433444,6573,4426870,2010004,6573,2003431,1704396,6573,1697823,4706561,6573,4699987,4315985,6573,4309411,3500594,6573,3494020,7460151,6573,7453577,3506314,6573,3499740,2647834,6573,2641261,6780856,6573,6774282,2937373,6573,2930799
659,618110,6440,611669,3906606,6440,3900165,1732426,6440,1725986,1497282,6440,1490841,4322251,6440,4315810,3358763,6440,3352322,3621487,6440,3615046,6745213,6440,6738773,3119804,6440,3113363,2406107,6440,2399666,5964609,6440,5958168,2200886,6440,2194445
660,709777,6729,703048,4881073,6729,4874343,2184372,6729,2177643,2160566,6729,2153837,5261063,6729,5254334,4633672,6729,4626943,3856123,6729,3849394,8539559,6729,8532830,3695585,6729,3688856,3203102,6729,3196373,7652763,6729,7646033,3333694,6729,3326965
661,618110,6440,611669,3906606,6440,3900165,1732426,6440,1725986,1497282,6440,1490841,4322251,6440,4315810,3358763,6440,3352322,3621487,6440,3615046,6745213,6440,6738773,3119804,6440,3113363,2406107,6440,2399666,5964609,6440,5958168,2200886,6440,2194445
662,648799,6624,642174,4416782,6624,4410158,1983119,6624,1976494,1971343,6624,1964718,4681074,6624,4674449,4471720,6624,4465095,3636204,6624,3629579,8096949,6624,8090324,3452458,6624,3445833,2981907,6624,2975283,7354028,6624,7347403,3216056,6624,3209431
663,618110,6440,611669,3906606,6440,3900165,1732426,6440,1725986,1497282,6440,1490841,4322251,6440,4315810,3358763,6440,3352322,3621487,6440,3615046,6745213,6440,6738773,3119804,6440,3113363,2406107,6440,2399666,5964609,6440,5958168,2200886,6440,2194445
664,667887,6573,661313,4347843,6573,4341269,1904411,6573,1897838,1950051,6573,1943478,4806721,6573,4800148,3844501,6573,3837928,3531565,6573,3524992,7403062,6573,7396489,3244308,6573,3237735,2752709,6573,2746135,6578580,6573,6572007,2656388,6573,2649815
665,615214,6457,608756,3922121,6457,3915664,1743185,6457,1736728,1573023,6457,1566566,4319230,6457,4312773,3389511,6457,3383054,3701530,6457,3695073,6947712,6457,6941255,3113367,6457,3106910,2517075,6457,2510618,6135228,6457,6128771,2247545,6457,2241088
666,729254,6792,722462,5225149,6792,5218356,2361927,6792,2355134,2627579,6792,2620787,5565976,6792,5559183,4970747,6792,4963954,4114766,6792,4107974,9308985,6792,9302193,3871152,6792,3864359,3636689,6792,3629897,8427858,6792,8421065,3547783,6792,3540990
667,615214,6457,608756,3922121,6457,3915664,1743185,6457,1736728,1573023,6457,1566566,4319230,6457,4312773,3389511,6457,3383054,3701530,6457,3695073,6947712,6457,6941255,3113367,6457,3106910,2517075,6457,2510618,6135228,6457,6128771,2247545,6457,2241088
668,689901,6690,683210,4396840,6690,4390149,1909726,6690,1903035,2164082,6690,2157391,4771148,6690,4764457,4435298,6690,4428607,3952331,6690,3945640,8726658,6690,8719967,3347577,6690,3340886,3306619,6690,3299928,7806451,6690,7799760,3385837,6690,3379146
669,615214,6457,608756,3922121,6457,3915664,1743185,6457,1736728,1573023,6457,1566566,4319230,6457,4312773,3389511,6457,3383054,3701530,6457,3695073,6947712,6457,6941255,3113367,6457,3106910,2517075,6457,2510618,6135228,6457,6128771,2247545,6457,2241088
670,683904,6593,677310,4349086,6593,4342492,1893039,6593,1886445,2030405,6593,2023811,4762589,6593,4755995,3902373,6593,3895780,3656190,6593,3649596,7689618,6593,7683024,3245979,6593,3239385,2899082,6593,2892488,6834484,6593,6827891,2787374,6593,2780780
671,612470,6473,605996,3938334,6473,3931860,1754193,6473,1747719,1654826,6473,1648352,4317355,6473,4310881,3421027,6473,3414553,3786793,6473,3780319,7159899,6473,7153425,3107763,6473,3101290,2634236,6473,2627762,6315856,6473,6309382,2295811,6473,2289337
672,723635,6792,716843,4749332,6792,4742540,2078681,6792,2071889,2771936,6792,2765144,5135610,6792,5128818,4531111,6792,4524319,4496685,6792,4489893,9763995,6792,9757203,3507213,6792,3500421,3931152,6792,3924360,8725089,6792,8718297,3467801,6792,3461008
673,612470,6473,605996,3938334,6473,3931860,1754193,6473,1747719,1654826,6473,1648352,4317355,6473,4310881,3421027,6473,3414553,3786793,6473,3780319,7159899,6473,7153425,3107763,6473,3101290,2634236,6473,2627762,6315856,6473,6309382,2295811,6473,2289337
674,700175,6658,693517,4654065,6658,4647406,2050852,6658,2044194,2248024,6658,2241365,5104434,6658,5097775,4022252,6658,4015594,3951407,6658,3944748,8209774,6658,8203115,3387050,6658,3380392,3164035,6658,3157376,7239806,6658,7233147,2797212,6658,2790553
675,612470,6473,605996,3938334,6473,3931860,1754193,6473,1747719,1654826,6473,1648352,4317355,6473,4310881,3421027,6473,3414553,3786793,6473,3780319,7159899,6473,7153425,3107763,6473,3101290,2634236,6473,2627762,6315856,6473,6309382,2295811,6473,2289337
676,667971,6594,661377,4270882,6594,4264288,1856269,6594,1849675,2136237,6594,2129643,4716750,6594,4710156,3733456,6594,3726862,3818130,6594,3811536,7862417,6594,7855823,3131472,6594,3124878,3041025,6594,3034431,6930515,6594,6923921,2670617,6594,2664023
677,612470,6473,605996,3938334,6473,3931860,1754193,6473,1747719,1654826,6473,1648352,4317355,6473,4310881,3421027,6473,3414553,3786793,6473,3780319,7159899,6473,7153425,3107763,6473,3101290,2634236,6473,2627762,6315856,6473,6309382,2295811,6473,2289337
678,683378,6654,676724,4516702,6654,4510048,1994346,6654,1987692,2289385,6654,2282731,4884313,6654,4877659,3984209,6654,3977555,4050898,6654,4044244,8486233,6654,8479579,3319045,6654,3312391,3350446,6654,3343792,7461031,6654,7454377,2949479,6654,2942825
679,612470,6473,605996,3938334,6473,3931860,1754193,6473,1747719,1654826,6473,1648352,4317355,6473,4310881,3421027,6473,3414553,3786793,6473,3780319,7159899,6473,7153425,3107763,6473,3101290,2634236,6473,2627762,6315856,6473,6309382,2295811,6473,2289337
680,652335,6673,645661,4414057,6673,4407383,1970015,6673,1963342,2219089,6673,2212416,4673843,6673,4667169,4573892,6673,4567218,3910577,6673,3903903,8774338,6673,8767664,3430628,6673,3423954,3328805,6673,3322131,7950931,6673,7944257,3403367,6673,3396694
681,612470,6473,605996,3938334,6473,3931860,1754193,6473,1747719,1654826,6473,1648352,4317355,6473,4310881,3421027,6473,3414553,3786793,6473,3780319,7159899,6473,7153425,3107763,6473,3101290,2634236,6473,2627762,6315856,6473,6309382,2295811,6473,2289337
682,687078,6708,680369,4550619,6708,4543910,2015883,6708,2009174,2332083,6708,2325375,4845465,6708,4838756,4416621,6708,4409912,4156130,6708,4149421,9033225,6708,9026517,3424001,6708,3417292,3558070,6708,3551361,8047176,6708,8040468,3402636,6708,3395927
683,612470,6473,605996,3938334,6473,3931860,1754193,6473,1747719,1654826,6473,1648352,4317355,6473,4310881,3421027,6473,3414553,3786793,6473,3780319,7159899,6473,7153425,3107763,6473,3101290,2634236,6473,2627762,6315856,6473,6309382,2295811,6473,2289337
684,750532,6859,743672,5169426,6859,5162566,2299617,6859,2292757,2918780,6859,2911921,5538373,6859,5531513,5073962,6859,5067102,4502077,6859,4495217,10184752,6859,10177892,3839030,6859,3832170,4093282,6859,4086422,9205159,6859,9198299,3853527,6859,3846667
685,612470,6473,605996,3938334,6473,3931860,1754193,6473,1747719,1654826,6473,1648352,4317355,6473,4310881,3421027,6473,3414553,3786793,6473,3780319,7159899,6473,7153425,3107763,6473,3101290,2634236,6473,2627762,6315856,6473,6309382,2295811,6473,2289337
686,707227,6663,700564,4467600,6663,4460937,1923178,6663,1916515,2605492,6663,2598829,4961928,6663,4955265,3719702,6663,3713039,4245955,6663,4239292,8619013,6663,8612350,3197585,6663,3190922,3466480,6663,3459816,7588689,6663,7582026,2654109,6663,2647446
687,612470,6473,605996,3938334,6473,3931860,1754193,6473,1747719,1654826,6473,1648352,4317355,6473,4310881,3421027,6473,3414553,3786793,6473,3780319,7159899,6473,7153425,3107763,6473,3101290,2634236,6473,2627762,6315856,6473,6309382,2295811,6473,2289337
688,658726,6650,652075,4234086,6650,4227436,1855551,6650,1848900,2339773,6650,2333123,4574451,6650,4567801,4282947,6650,4276297,4066175,6650,4059525,8662874,6650,8656224,3299219,6650,3292569,3307854,6650,3301204,7898570,6650,7891919,3077617,6650,3070967
689,612470,6473,605996,3938334,6473,3931860,1754193,6473,1747719,1654826,6473,1648352,4317355,6473,4310881,3421027,6473,3414553,3786793,6473,3780319,7159899,6473,7153425,3107763,6473,3101290,2634236,6473,2627762,6315856,6473,6309382,2295811,6473,2289337
690,681283,6692,674590,4497370,6692,4490677,1992454,6692,1985762,2275810,6692,2269118,4751042,6692,4744350,4567872,6692,4561180,3975934,6692,3969242,8933005,6692,8926313,3450151,6692,3443459,3479968,6692,3473275,8040598,6692,8033906,3566279,6692,3559586
691,612470,6473,605996,3938334,6473,3931860,1754193,6473,1747719,1654826,6473,1648352,4317355,6473,4310881,3421027,6473,3414553,3786793,6473,3780319,7159899,6473,7153425,3107763,6473,3101290,2634236,6473,2627762,6315856,6473,6309382,2295811,6473,2289337
692,654214,6600,647614,4185997,6600,4179397,1832015,6600,1825415,2075876,6600,2069276,4552145,6600,4545545,3993451,6600,3986851,3804925,6600,3798325,8054564,6600,8047964,3224232,6600,3217632,3052474,6600,3045874,7214865,6600,7208264,2922957,6600,2916357
693,612470,6473,605996,3938334,6473,3931860,1754193,6473,1747719,1654826,6473,1648352,4317355,6473,4310881,3421027,6473,3414553,3786793,6473,3780319,7159899,6473,7153425,3107763,6473,3101290,2634236,6473,2627762,6315856,6473,6309382,2295811,6473,2289337
694,707601,6749,700851,4537335,6749,4530586,1970736,6749,1963986,2845598,6749,2838848,4868679,6749,4861929,4370408,6749,4363659,4595762,6749,4589012,9921539,6749,9914790,3321914,6749,3315164,4079502,6749,4072753,8837079,6749,8830330,3471686,6749,3464937
695,612470,6473,605996,3938334,6473,3931860,1754193,6473,1747719,1654826,6473,1648352,4317355,6473,4310881,3421027,6473,3414553,3786793,6473,3780319,7159899,6473,7153425,3107763,6473,3101290,2634236,6473,2627762,6315856,6473,6309382,2295811,6473,2289337
696,686933,6643,680289,4419834,6643,4413191,1937385,6643,1930741,2193993,6643,2187350,4776025,6643,4769381,4172492,6643,4165849,3896770,6643,3890126,8287018,6643,8280374,3338462,6643,3331819,3174427,6643,3167784,7435333,6643,7428689,3038738,6643,3032095
697,612470,6473,605996,3938334,6473,3931860,1754193,6473,1747719,1654826,6473,1648352,4317355,6473,4310881,3421027,6473,3414553,3786793,6473,3780319,7159899,6473,7153425,3107763,6473,3101290,2634236,6473,2627762,6315856,6473,6309382,2295811,6473,2289337
698,763717,6854,756862,5034644,6854,5027790,2195207,6854,2188353,2984594,6854,2977740,5411629,6854,5404774,5028478,6854,5021624,4530132,6854,4523277,10386194,6854,10379340,3667594,6854,3660740,4238998,6854,4232143,9337022,6854,9330168,4017430,6854,4010575
699,612470,6473,605996,3938334,6473,3931860,1754193,6473,1747719,1654826,6473,1648352,4317355,6473,4310881,3421027,6473,3414553,3786793,6473,3780319,7159899,6473,7153425,3107763,6473,3101290,2634236,6473,2627762,6315856,6473,6309382,2295811,6473,2289337
700,660849,6759,654090,4656427,6759,4649668,2100231,6759,2093472,2528447,6759,2521687,4918316,6759,4911557,4663211,6759,4656452,4301019,6759,4294260,9676650,6759,9669891,3518730,6759,3511971,3915455,6759,3908696,8624702,6759,8617943,3729717,6759,3722958
701,612470,6473,605996,3938334,6473,3931860,1754193,6473,1747719,1654826,6473,1648352,4317355,6473,4310881,3421027,6473,3414553,3786793,6473,3780319,7159899,6473,7153425,3107763,6473,3101290,2634236,6473,2627762,6315856,6473,6309382,2295811,6473,2289337
702,645428,6740,638688,4545469,6740,4538728,2061194,6740,2054453,2333790,6740,2327049,4752800,6740,4746059,4904155,6740,4897414,4177219,6740,4170479,9578129,6740,9571388,3590183,6740,3583442,3745399,6740,3738658,8655479,6740,8648738,3885589,6740,3878848
703,612470,6473,605996,3938334,6473,3931860,1754193,6473,1747719,1654826,6473,1648352,4317355,6473,4310881,3421027,6473,3414553,3786793,6473,3780319,7159899,6473,7153425,3107763,6473,3101290,2634236,6473,2627762,6315856,6473,6309382,2295811,6473,2289337
704,643361,6648,636712,4195812,6648,4189164,1848894,6648,1842245,2522876,6648,2516227,4481670,6648,4475021,3929229,6648,3922580,4461324,6648,4454675,9230483,6648,9223835,3105414,6648,3098765,3784711,6648,3778062,8148962,6648,8142313,3069061,6648,3062412
705,612470,6473,605996,3938334,6473,3931860,1754193,6473,1747719,1654826,6473,1648352,4317355,6473,4310881,3421027,6473,3414553,3786793,6473,3780319,7159899,6473,7153425,3107763,6473,3101290,2634236,6473,2627762,6315856,6473,6309382,2295811,6473,2289337
706,637714,6625,631088,4275791,6625,4269165,1906856,6625,1900231,2073918,6625,2067293,4590796,6625,4584171,4144599,6625,4137973,3834993,6625,3828368,8267993,6625,8261368,3307471,6625,3300845,3175233,6625,3168607,7393294,6625,7386669,3103603,6625,3096977
707,612470,6473,605996,3938334,6473,3931860,1754193,6473,1747719,1654826,6473,1648352,4317355,6473,4310881,3421027,6473,3414553,3786793,6473,3780319,7159899,6473,7153425,3107763,6473,3101290,2634236,6473,2627762,6315856,6473,6309382,2295811,6473,2289337
708,606935,6698,600237,4257279,6698,4250581,1951093,6698,1944394,1963291,6698,1956593,4344124,6698,4337425,5028292,6698,5021594,4108877,6698,4102179,9466401,6698,9459703,3539705,6698,3533007,3589494,6698,3582796,8590756,6698,8584058,4070075,6698,4063377
709,607643,6468,601175,3917736,6468,3911267,1749097,6468,1742629,1635922,6468,1629454,4285757,6468,4279289,3413585,6468,3407117,3792113,6468,3785645,7152974,6468,7146506,3103087,6468,3096619,2630761,6468,2624292,6309627,6468,6303158,2292585,6468,2286116
710,636289,6598,629691,4333791,6598,4327192,1958378,6598,1951779,1896250,6598,1889652,4626723,6598,4620125,3985407,6598,3978808,3912261,6598,3905662,8089997,6598,8083398,3360275,6598,3353677,3095335,6598,3088737,7128660,6598,7122062,2952218,6598,2945619
711,607643,6468,601175,3917736,6468,3911267,1749097,6468,1742629,1635922,6468,1629454,4285757,6468,4279289,3413585,6468,3407117,3792113,6468,3785645,7152974,6468,7146506,3103087,6468,3096619,2630761,6468,2624292,6309627,6468,6303158,2292585,6468,2286116
712,661687,6774,654913,4755737,6774,4748963,2167911,6774,2161137,2600725,6774,2593951,4996346,6774,4989572,4927084,6774,4920310,4422867,6774,4416092,9884416,6774,9877642,3703213,6774,3696439,3920208,6774,3913434,8960958,6774,8954184,3749000,6774,3742226
713,607643,6468,601175,3917736,6468,3911267,1749097,6468,1742629,1635922,6468,1629454,4285757,6468,4279289,3413585,6468,3407117,3792113,6468,3785645,7152974,6468,7146506,3103087,6468,3096619,2630761,6468,2624292,6309627,6468,6303158,2292585,6468,2286116
714,685146,6708,678437,4658186,6708,4651477,2072980,6708,2066271,2406118,6708,2399409,4971573,6708,4964864,4370236,6708,4363527,4149479,6708,4142770,9064154,6708,9057445,3426902,6708,3420193,3603101,6708,3596392,8013873,6708,8007164,3337907,6708,3331198
715,607643,6468,601175,3917736,6468,3911267,1749097,6468,1742629,1635922,6468,1629454,4285757,6468,4279289,3413585,6468,3407117,3792113,6468,3785645,7152974,6468,7146506,3103087,6468,3096619,2630761,6468,2624292,6309627,6468,6303158,2292585,6468,2286116
716,615733,6810,608922,4738761,6810,4731950,2214294,6810,2207484,2576140,6810,2569330,4883836,6810,4877026,5328757,6810,5321947,4538202,6810,4531392,10484044,6810,10477233,3848857,6810,3842047,4149673,6810,4142862,9559692,6810,9552882,4183460,6810,4176650
717,607643,6468,601175,3917736,6468,3911267,1749097,6468,1742629,1635922,6468,1629454,4285757,6468,4279289,3413585,6468,3407117,3792113,6468,3785645,7152974,6468,7146506,3103087,6468,3096619,2630761,6468,2624292,6309627,6468,6303158,2292585,6468,2286116
718,689238,6707,682530,4741247,6707,4734539,2125698,6707,2118990,2419813,6707,2413105,5056175,6707,5049467,4484677,6707,4477969,4221288,6707,4214580,9017476,6707,9010768,3542936,6707,3536228,3499916,6707,3493209,8079558,6707,8072851,3187660,6707,3180952
719,607643,6468,601175,3917736,6468,3911267,1749097,6468,1742629,1635922,6468,1629454,4285757,6468,4279289,3413585,6468,3407117,3792113,6468,3785645,7152974,6468,7146506,3103087,6468,3096619,2630761,6468,2624292,6309627,6468,6303158,2292585,6468,2286116
720,678483,6846,671636,5082361,6846,5075514,2344376,6846,2337530,2684266,6846,2677420,5305581,6846,5298734,5369662,6846,5362815,4486003,6846,4479156,10358707,6846,10351861,3974208,6846,3967362,4107807,6846,4100961,9420211,6846,9413364,4125868,6846,4119022
721,607643,6468,601175,3917736,6468,3911267,1749097,6468,1742629,1635922,6468,1629454,4285757,6468,4279289,3413585,6468,3407117,3792113,6468,3785645,7152974,6468,7146506,3103087,6468,3096619,2630761,6468,2624292,6309627,6468,6303158,2292585,6468,2286116
722,668386,6695,661691,4539702,6695,4533007,2024178,6695,2017483,2385991,6695,2379296,4811204,6695,4804508,4350222,6695,4343527,4160352,6695,4153657,9168934,6695,9162238,3369686,6695,3362991,3698018,6695,3691322,8093958,6695,8087263,3472277,6695,3465581
723,607643,6468,601175,3917736,6468,3911267,1749097,6468,1742629,1635922,6468,1629454,4285757,6468,4279289,3413585,6468,3407117,3792113,6468,3785645,7152974,6468,7146506,3103087,6468,3096619,2630761,6468,2624292,6309627,6468,6303158,2292585,6468,2286116
724,697682,6729,690952,4537578,6729,4530848,1980060,6729,1973331,2668734,6729,2662004,4944292,6729,4937562,4240174,6729,4233444,4403099,6729,4396369,9336288,6729,9329559,3360508,6729,3353778,3727608,6729,3720878,8332078,6729,8325349,3150976,6729,3144247
725,607643,6468,601175,3917736,6468,3911267,1749097,6468,1742629,1635922,6468,1629454,4285757,6468,4279289,3413585,6468,3407117,3792113,6468,3785645,7152974,6468,7146506,3103087,6468,3096619,2630761,6468,2624292,6309627,6468,6303158,2292585,6468,2286116
726,695275,6717,688557,4665350,6717,4658632,2066832,6717,2060114,2302379,6717,2295661,5010562,6717,5003844,4793831,6717,4787113,3817544,6717,3810826,8656679,6717,8649961,3593910,6717,3587193,3221519,6717,3214801,7954139,6717,7947422,3408928,6717,3402210
727,607643,6468,601175,3917736,6468,3911267,1749097,6468,1742629,1635922,6468,1629454,4285757,6468,4279289,3413585,6468,3407117,3792113,6468,3785645,7152974,6468,7146506,3103087,6468,3096619,2630761,6468,2624292,6309627,6468,6303158,2292585,6468,2286116
728,719465,6823,712641,4832674,6823,4825851,2135296,6823,2128473,2818406,6823,2811583,5180292,6823,5173469,4927291,6823,4920467,4522694,6823,4515870,10084520,6823,10077696,3655482,6823,3648659,4011359,6823,4004536,9145215,6823,9138391,3743089,6823,3736266
729,607643,6468,601175,3917736,6468,3911267,1749097,6468,1742629,1635922,6468,1629454,4285757,6468,4279289,3413585,6468,3407117,3792113,6468,3785645,7152974,6468,7146506,3103087,6468,3096619,2630761,6468,2624292,6309627,6468,6303158,2292585,6468,2286116
730,667611,6732,660879,4634759,6732,4628026,2072454,6732,2065721,2837472,6732,2830739,4956158,6732,4949425,4242287,6732,4235554,4647534,6732,4640801,9844884,6732,9838151,3356752,6732,3350019,4094325,6732,4087592,8695520,6732,8688787,3252849,6732,3246116
731,607643,6468,601175,3917736,6468,3911267,1749097,6468,1742629,1635922,6468,1629454,4285757,6468,4279289,3413585,6468,3407117,3792113,6468,3785645,7152974,6468,7146506,3103087,6468,3096619,2630761,6468,2624292,6309627,6468,6303158,2292585,6468,2286116
732,613805,6678,607126,4233790,6678,4227111,1907051,6678,1900372,2565064,6678,2558385,4466986,6678,4460307,4049955,6678,4043277,4626188,6678,4619509,9737542,6678,9730863,3198111,6678,3191432,4053861,6678,4047182,8545732,6678,8539053,3321703,6678,3315024
733,607643,6468,601175,3917736,6468,3911267,1749097,6468,1742629,1635922,6468,1629454,4285757,6468,4279289,3413585,6468,3407117,3792113,6468,3785645,7152974,6468,7146506,3103087,6468,3096619,2630761,6468,2624292,6309627,6468,6303158,2292585,6468,2286116
734,626539,6638,619900,4273666,6638,4267027,1921961,6638,1915323,2214186,6638,2207547,4529906,6638,4523267,4337408,6638,4330769,4065528,6638,4058889,8732723,6638,8726084,3343650,6638,3337011,3361907,6638,3355268,7889274,6638,7882635,3188131,6638,3181493
735,607643,6468,601175,3917736,6468,3911267,1749097,6468,1742629,1635922,6468,1629454,4285757,6468,4279289,3413585,6468,3407117,3792113,6468,3785645,7152974,6468,7146506,3103087,6468,3096619,2630761,6468,2624292,6309627,6468,6303158,2292585,6468,2286116
736,670537,6673,663864,4400322,6673,4393649,1931507,6673,1924833,2317638,6673,2310965,4778901,6673,4772228,4046361,6673,4039688,4119242,6673,4112569,8741972,6673,8735298,3239538,6673,3232864,3469890,6673,3463216,7690588,6673,7683914,3091086,6673,3084412
737,607643,6468,601175,3917736,6468,3911267,1749097,6468,1742629,1635922,6468,1629454,4285757,6468,4279289,3413585,6468,3407117,3792113,6468,3785645,7152974,6468,7146506,3103087,6468,3096619,2630761,6468,2624292,6309627,6468,6303158,2292585,6468,2286116
738,662931,6644,656286,4439684,6644,4433040,1966544,6644,1959900,2401243,6644,2394599,4844902,6644,4838257,3901405,6644,3894761,4070166,6644,4063522,8423157,6644,8416513,3293340,6644,3286696,3334668,6644,3328024,7483951,6644,7477306,2770347,6644,2763703
739,607643,6468,601175,3917736,6468,3911267,1749097,6468,1742629,1635922,6468,1629454,4285757,6468,4279289,3413585,6468,3407117,3792113,6468,3785645,7152974,6468,7146506,3103087,6468,3096619,2630761,6468,2624292,6309627,6468,6303158,2292585,6468,2286116
740,601925,6701,595223,4264295,6701,4257593,1943319,6701,1936618,2433821,6701,2427120,4446484,6701,4439782,4539771,6701,4533069,4371367,6701,4364665,9625607,6701,9618905,3357490,6701,3350788,3887171,6701,3880470,8663121,6701,8656420,3631714,6701,3625012
741,607643,6468,601175,3917736,6468,3911267,1749097,6468,1742629,1635922,6468,1629454,4285757,6468,4279289,3413585,6468,3407117,3792113,6468,3785645,7152974,6468,7146506,3103087,6468,3096619,2630761,6468,2624292,6309627,6468,6303158,2292585,6468,2286116
742,608002,6609,601393,4139860,6609,4133251,1850441,6609,1843832,2447822,6609,2441212,4443082,6609,4436473,3783739,6609,3777129,4274611,6609,4268002,8851241,6609,8844632,3094954,6609,3088345,3615018,6609,3608408,7810615,6609,7804006,2878306,6609,2871697
743,607618,6458,601160,3893343,6458,3886885,1734219,6458,1727761,1628739,6458,1622281,4272268,6458,4265810,3341222,6458,3334764,3790962,6458,3784504,7091567,6458,7085109,3074377,6458,3067919,2614405,6458,2607947,6237851,6458,6231393,2238611,6458,2232153
744,599308,6596,592711,3971138,6596,3964541,1777261,6596,1770665,2339921,6596,2333324,4182541,6596,4175944,3741738,6596,3735141,4491400,6596,4484803,9096434,6596,9089838,3032254,6596,3025658,3719206,6596,3712609,7985230,6596,7978634,2960716,6596,2954120
745,611755,6475,605279,4015684,6475,4009208,1800578,6475,1794102,1669503,6475,1663027,4398684,6475,4392208,3418315,6475,3411839,3777796,6475,3771320,7135547,6475,7129072,3148849,6475,3142373,2634972,6475,2628496,6279408,6475,6272932,2264382,6475,2257906
746,700853,6609,694243,4647132,6609,4640522,2055596,6609,2048986,2004160,6609,1997550,5104895,6609,5098285,4176257,6609,4169647,3538054,6609,3531444,7453599,6609,7446989,3519973,6609,3513363,2689584,6609,2682974,6755371,6609,6748761,2718209,6609,2711599
747,611755,6475,605279,4015684,6475,4009208,1800578,6475,1794102,1669503,6475,1663027,4398684,6475,4392208,3418315,6475,3411839,3777796,6475,3771320,7135547,6475,7129072,3148849,6475,3142373,2634972,6475,2628496,6279408,6475,6272932,2264382,6475,2257906
748,681352,6754,674598,4836969,6754,4830214,2187203,6754,2180448,2500371,6754,2493617,5119574,6754,5112819,4773796,6754,4767042,4151623,6754,4144868,9368706,6754,9361951,3666718,6754,3659963,3690386,6754,3683632,8428914,6754,8422159,3598289,6754,3591535
749,611755,6475,605279,4015684,6475,4009208,1800578,6475,1794102,1669503,6475,1663027,4398684,6475,4392208,3418315,6475,3411839,3777796,6475,3771320,7135547,6475,7129072,3148849,6475,3142373,2634972,6475,2628496,6279408,6475,6272932,2264382,6475,2257906
750,657749,6779,650969,4663704,6779,4656924,2118417,6779,2111637,2663022,6779,2656243,4870612,6779,4863832,4885723,6779,4878944,4538085,6779,4531305,10182037,6779,10175257,3621701,6779,3614921,4133812,6779,4127032,9175836,6779,9169057,3918416,6779,3911636
751,611755,6475,605279,4015684,6475,4009208,1800578,6475,1794102,1669503,6475,1663027,4398684,6475,4392208,3418315,6475,3411839,3777796,6475,3771320,7135547,6475,7129072,3148849,6475,3142373,2634972,6475,2628496,6279408,6475,6272932,2264382,6475,2257906
752,679467,6762,672704,4831858,6762,4825096,2197292,6762,2190529,2340074,6762,2333311,5050061,6762,5043298,5075399,6762,5068636,4036170,6762,4029407,9335671,6762,9328908,3764178,6762,3757416,3598664,6762,3591901,8501582,6762,8494820,3854130,6762,3847367
753,611755,6475,605279,4015684,6475,4009208,1800578,6475,1794102,1669503,6475,1663027,4398684,6475,4392208,3418315,6475,3411839,3777796,6475,3771320,7135547,6475,7129072,3148849,6475,3142373,2634972,6475,2628496,6279408,6475,6272932,2264382,6475,2257906
754,630965,6742,624222,4575383,6742,4568641,2096612,6742,2089870,2638664,6742,2631922,4795963,6742,4789220,4497199,6742,4490456,4678244,6742,4671502,9974169,6742,9967426,3496716,6742,3489974,4071307,6742,4064565,8885741,6742,8878999,3462701,6742,3455959
755,611755,6475,605279,4015684,6475,4009208,1800578,6475,1794102,1669503,6475,1663027,4398684,6475,4392208,3418315,6475,3411839,3777796,6475,3771320,7135547,6475,7129072,3148849,6475,3142373,2634972,6475,2628496,6279408,6475,6272932,2264382,6475,2257906
756,645275,6544,638731,4162620,6544,4156076,1831667,6544,1825123,1890093,6544,1883548,4565986,6544,4559441,3701713,6544,3695169,3657515,6544,3650970,7393152,6544,7386607,3163016,6544,3156472,2754966,6544,2748422,6574298,6544,6567753,2537082,6544,2530537
757,610563,6484,604078,4024422,6484,4017937,1806280,6484,1799795,1713191,6484,1706706,4398473,6484,4391988,3434396,6484,3427912,3822888,6484,3816403,7245945,6484,7239460,3146405,6484,3139920,2696321,6484,2689837,6374082,6484,6367597,2289146,6484,2282661
758,649187,6661,642525,4427208,6661,4420546,1990920,6661,1984259,2028216,6661,2021555,4713853,6661,4707192,4526878,6661,4520216,3908834,6661,3902172,8490510,6661,8483848,3503486,6661,3496824,3120115,6661,3113453,7696053,6661,7689391,3222096,6661,3215434
759,610563,6484,604078,4024422,6484,4017937,1806280,6484,1799795,1713191,6484,1706706,4398473,6484,4391988,3434396,6484,3427912,3822888,6484,3816403,7245945,6484,7239460,3146405,6484,3139920,2696321,6484,2689837,6374082,6484,6367597,2289146,6484,2282661
760,654940,6627,648313,4378561,6627,4371933,1941086,6627,1934459,2209458,6627,2202830,4801443,6627,4794815,3776872,6627,3770245,3998164,6627,3991537,8196861,6627,8190234,3269988,6627,3263361,3208308,6627,3201680,7198552,6627,7191924,2718187,6627,2711559
761,610563,6484,604078,4024422,6484,4017937,1806280,6484,1799795,1713191,6484,1706706,4398473,6484,4391988,3434396,6484,3427912,3822888,6484,3816403,7245945,6484,7239460,3146405,6484,3139920,2696321,6484,2689837,6374082,6484,6367597,2289146,6484,2282661
762,650676,6762,643913,4735946,6762,4729183,2168924,6762,2162161,2295723,6762,2288961,4935497,6762,4928735,5260205,6762,5253442,4052038,6762,4045275,9555926,6762,9549163,3794331,6762,3787568,3617720,6762,3610957,8752034,6762,8745272,3996736,6762,3989973
763,610563,6484,604078,4024422,6484,4017937,1806280,6484,1799795,1713191,6484,1706706,4398473,6484,4391988,3434396,6484,3427912,3822888,6484,3816403,7245945,6484,7239460,3146405,6484,3139920,2696321,6484,2689837,6374082,6484,6367597,2289146,6484,2282661
764,658723,6701,652021,4378881,6701,4372179,1941021,6701,1934319,2456593,6701,2449892,4664895,6701,4658193,4317068,6701,4310367,4315460,6701,4308759,9301187,6701,9294486,3324337,6701,3317635,3711820,6701,3705118,8295564,6701,8288863,3353105,6701,3346403
765,610563,6484,604078,4024422,6484,4017937,1806280,6484,1799795,1713191,6484,1706706,4398473,6484,4391988,3434396,6484,3427912,3822888,6484,3816403,7245945,6484,7239460,3146405,6484,3139920,2696321,6484,2689837,6374082,6484,6367597,2289146,6484,2282661
766,649416,6727,642689,4929353,6727,4922626,2298696,6727,2291968,2206545,6727,2199817,5106551,6727,5099823,5034309,6727,5027581,3961097,6727,3954370,9010832,6727,9004105,3861863,6727,3855135,3442841,6727,3436114,8206945,6727,8200218,3658681,6727,3651953
767,610563,6484,604078,4024422,6484,4017937,1806280,6484,1799795,1713191,6484,1706706,4398473,6484,4391988,3434396,6484,3427912,3822888,6484,3816403,7245945,6484,7239460,3146405,6484,3139920,2696321,6484,2689837,6374082,6484,6367597,2289146,6484,2282661
768,712026,6643,705382,4512223,6643,4505579,1945735,6643,1939091,2163351,6643,2156707,5024772,6643,5018128,4074541,6643,4067897,3661048,6643,3654404,7802781,6643,7796137,3343339,6643,3336696,2893840,6643,2887196,6999838,6643,6993194,2800383,6643,2793740
769,611767,6475,605292,4015597,6475,4009121,1800521,6475,1794045,1669072,6475,1662596,4398687,6475,4392212,3418154,6475,3411678,3777349,6475,3770874,7134451,6475,7127975,3148874,6475,3142398,2634363,6475,2627888,6278470,6475,6271994,2264136,6475,2257660
770,624642,6709,617933,4680997,6709,4674288,2169215,6709,2162506,2135280,6709,2128571,4972552,6709,4965842,4658125,6709,4651416,4016101,6709,4009392,8711607,6709,8704898,3693645,6709,3686936,3274630,6709,3267921,7895218,6709,7888509,3238688,6709,3231979
771,611767,6475,605292,4015597,6475,4009121,1800521,6475,1794045,1669072,6475,1662596,4398687,6475,4392212,3418154,6475,3411678,3777349,6475,3770874,7134451,6475,7127975,3148874,6475,3142398,2634363,6475,2627888,6278470,6475,6271994,2264136,6475,2257660
772,701370,6731,694638,4938449,6731,4931717,2226887,6731,2220156,2311607,6731,2304875,5230908,6731,5224176,4808011,6731,4801279,3930427,6731,3923695,8899161,6731,8892429,3698538,6731,3691806,3404963,6731,3398231,8005297,6731,7998565,3500997,6731,3494265
773,611767,6475,605292,4015597,6475,4009121,1800521,6475,1794045,1669072,6475,1662596,4398687,6475,4392212,3418154,6475,3411678,3777349,6475,3770874,7134451,6475,7127975,3148874,6475,3142398,2634363,6475,2627888,6278470,6475,6271994,2264136,6475,2257660
774,677478,6694,670783,4798757,6694,4792062,2179327,6694,2172632,2140942,6694,2134247,5115801,6694,5109106,4726257,6694,4719562,3757750,6694,3751055,8329235,6694,8322540,3740548,6694,3733853,3047859,6694,3041164,7627859,6694,7621164,3214715,6694,3208020
775,609437,6492,602944,4033171,6492,4026678,1811932,6492,1805439,1757610,6492,1751117,4398576,6492,4392083,3450353,6492,3443860,3868456,6492,3861963,7356674,6492,7350181,3144235,6492,3137742,2758073,6492,2751580,6469496,6492,6463003,2313831,6492,2307338
776,653751,6729,647022,4756995,6729,4750266,2180250,6729,2173521,2197732,6729,2191003,4998372,6729,4991643,4961800,6729,4955071,3893294,6729,3886565,8892690,6729,8885961,3748371,6729,3741642,3325634,6729,3318905,8133266,6729,8126537,3572281,6729,3565552
777,609437,6492,602944,4033171,6492,4026678,1811932,6492,1805439,1757610,6492,1751117,4398576,6492,4392083,3450353,6492,3443860,3868456,6492,3861963,7356674,6492,7350181,3144235,6492,3137742,2758073,6492,2751580,6469496,6492,6463003,2313831,6492,2307338
778,653129,6636,646492,4748958,6636,4742321,2175089,6636,2168452,2182063,6636,2175427,5071690,6636,5065053,4255237,6636,4248600,3834851,6636,3828214,8116675,6636,8110038,3587981,6636,3581344,3088165,6636,3081528,7279070,6636,7272433,2842457,6636,2835820
779,607288,6510,600778,4051516,6510,4045005,1823609,6510,1817099,1852840,6510,1846329,4399769,6510,4393258,3483362,6510,3476851,3965299,6510,3958789,7589443,6510,7582933,3140544,6510,3134033,2888556,6510,2882046,6671482,6510,6664972,2365251,6510,2358741
780,666247,6778,659469,4831625,6778,4824847,2206501,6778,2199723,2514525,6778,2507746,5046612,6778,5039834,4949479,6778,4942700,4355722,6778,4348943,9960051,6778,9953272,3713573,6778,3706795,3997536,6778,3990757,8904290,6778,8897512,3964625,6778,3957847
781,607288,6510,600778,4051516,6510,4045005,1823609,6510,1817099,1852840,6510,1846329,4399769,6510,4393258,3483362,6510,3476851,3965299,6510,3958789,7589443,6510,7582933,3140544,6510,3134033,2888556,6510,2882046,6671482,6510,6664972,2365251,6510,2358741
782,647685,6647,641037,4463459,6647,4456811,2011458,6647,2004810,2131085,6647,2124437,4829109,6647,4822462,4069323,6647,4062676,4085307,6647,4078660,8348745,6647,8342098,3399702,6647,3393055,3203499,6647,3196852,7421542,6647,7414894,2834214,6647,2827566
783,607288,6510,600778,4051516,6510,4045005,1823609,6510,1817099,1852840,6510,1846329,4399769,6510,4393258,3483362,6510,3476851,3965299,6510,3958789,7589443,6510,7582933,3140544,6510,3134033,2888556,6510,2882046,6671482,6510,6664972,2365251,6510,2358741
784,632853,6736,626116,4803877,6736,4797140,2236711,6736,2229974,2277594,6736,2270857,5009685,6736,5002948,4856227,6736,4849490,4194963,6736,4188226,9366634,6736,9359897,3780514,6736,3773777,3626394,6736,3619658,8421561,6736,8414824,3612745,6736,3606008
785,607288,6510,600778,4051516,6510,4045005,1823609,6510,1817099,1852840,6510,1846329,4399769,6510,4393258,3483362,6510,3476851,3965299,6510,3958789,7589443,6510,7582933,3140544,6510,3134033,2888556,6510,2882046,6671482,6510,6664972,2365251,6510,2358741
786,633507,6668,626839,4374832,6668,4368164,1965305,6668,1958636,2492544,6668,2485876,4699436,6668,4692768,3945586,6668,3938918,4390680,6668,4384012,9097892,6668,9091224,3253923,6668,3247255,3731683,6668,3725015,8006584,6668,7999916,3016484,6668,3009816
787,607288,6510,600778,4051516,6510,4045005,1823609,6510,1817099,1852840,6510,1846329,4399769,6510,4393258,3483362,6510,3476851,3965299,6510,3958789,7589443,6510,7582933,3140544,6510,3134033,2888556,6510,2882046,6671482,6510,6664972,2365251,6510,2358741
788,663395,6749,656646,4680450,6749,4673701,2117337,6749,2110587,2858555,6749,2851806,4930218,6749,4923469,4489745,6749,4482996,4656021,6749,4649272,9992983,6749,9986234,3497502,6749,3490753,4138709,6749,4131959,8951237,6749,8944487,3440136,6749,3433386
789,607288,6510,600778,4051516,6510,4045005,1823609,6510,1817099,1852840,6510,1846329,4399769,6510,4393258,3483362,6510,3476851,3965299,6510,3958789,7589443,6510,7582933,3140544,6510,3134033,2888556,6510,2882046,6671482,6510,6664972,2365251,6510,2358741
790,667800,6819,660981,4988533,6819,4981714,2295228,6819,2288409,2858335,6819,2851516,5249637,6819,5242818,5029081,6819,5022262,4557565,6819,4550746,10143472,6819,10136653,3820942,6819,3814123,4090753,6819,4083934,9240753,6819,9233934,3702280,6819,3695461
791,607288,6510,600778,4051516,6510,4045005,1823609,6510,1817099,1852840,6510,1846329,4399769,6510,4393258,3483362,6510,3476851,3965299,6510,3958789,7589443,6510,7582933,3140544,6510,3134033,2888556,6510,2882046,6671482,6510,6664972,2365251,6510,2358741
792,652328,6692,645636,4530872,6692,4524179,2036275,6692,2029582,2376751,6692,2370058,4889308,6692,4882615,4433073,6692,4426380,4033298,6692,4026606,8741533,6692,8734841,3515471,6692,3508778,3352163,6692,3345471,7941217,6692,7934524,3133852,6692,3127159
793,607288,6510,600778,4051516,6510,4045005,1823609,6510,1817099,1852840,6510,1846329,4399769,6510,4393258,3483362,6510,3476851,3965299,6510,3958789,7589443,6510,7582933,3140544,6510,3134033,2888556,6510,2882046,6671482,6510,6664972,2365251,6510,2358741
794,653496,6817,646679,4788683,6817,4781866,2198194,6817,2191376,2924652,6817,2917834,4976756,6817,4969938,5038154,6817,5031336,4730367,6817,4723549,10619575,6817,10612757,3741335,6817,3734518,4364670,6817,4357852,9650639,6817,9643821,3974128,6817,3967310
795,607288,6510,600778,4051516,6510,4045005,1823609,6510,1817099,1852840,6510,1846329,4399769,6510,4393258,3483362,6510,3476851,3965299,6510,3958789,7589443,6510,7582933,3140544,6510,3134033,2888556,6510,2882046,6671482,6510,6664972,2365251,6510,2358741
796,757795,6846,750949,5059809,6846,5052962,2224089,6846,2217243,3071622,6846,3064776,5390683,6846,5383837,5015509,6846,5008663,4625428,6846,4618582,10593314,6846,10586468,3714363,6846,3707517,4396149,6846,4389302,9512722,6846,9505876,4095551,6846,4088705
797,607288,6510,600778,4051516,6510,4045005,1823609,6510,1817099,1852840,6510,1846329,4399769,6510,4393258,3483362,6510,3476851,3965299,6510,3958789,7589443,6510,7582933,3140544,6510,3134033,2888556,6510,2882046,6671482,6510,6664972,2365251,6510,2358741
798,691866,6854,685011,4910460,6854,4903605,2216154,6854,2209299,3251180,6854,3244325,5159416,6854,5152561,5178298,6854,5171443,4910727,6854,4903872,11127290,6854,11120435,3777714,6854,3770859,4624269,6854,4617414,10154083,6854,10147228,4111197,6854,4104342
799,607288,6510,600778,4051516,6510,4045005,1823609,6510,1817099,1852840,6510,1846329,4399769,6510,4393258,3483362,6510,3476851,3965299,6510,3958789,7589443,6510,7582933,3140544,6510,3134033,2888556,6510,2882046,6671482,6510,6664972,2365251,6510,2358741
800,736422,6781,729640,5215013,6781,5208231,2347107,6781,2340325,2944248,6781,2937467,5550451,6781,5543669,4723228,6781,4716447,4363991,6781,4357209,9558891,6781,9552110,3765934,6781,3759152,3887582,6781,3880801,8631832,6781,8625051,3348911,6781,3342129
