Step,Light1_Obj,Light1_Pow,Light1_Pen,Light2_Obj,Light2_Pow,Light2_Pen,Light3_Obj,Light3_Pow,Light3_Pen,Light4_Obj,Light4_Pow,Light4_Pen,Light5_Obj,Light5_Pow,Light5_Pen,Light6_Obj,Light6_Pow,Light6_Pen,Light7_Obj,Light7_Pow,Light7_Pen,Light8_Obj,Light8_Pow,Light8_Pen,Light9_Obj,Light9_Pow,Light9_Pen,Light10_Obj,Light10_Pow,Light10_Pen,Light11_Obj,Light11_Pow,Light11_Pen,Light12_Obj,Light12_Pow,Light12_Pen
0,0,0,0,0,0,0,0,0,0,0,0,0,0,0,0,0,0,0,0,0,0,0,0,0,0,0,0,0,0,0,0,0,0,0,0,0
1,5136579,2796,5133783,8243342,2796,8240546,362709,2796,359913,2569687,2796,2566891,5496493,2796,5493697,182752,2796,179956,8388344,2796,8385548,1030104,2796,1027308,542666,2796,539870,345232,2796,342436,687668,2796,684872,2796,2796,0
2,4901018,2816,4898201,7862865,2816,7860048,344647,2816,341830,2451917,2816,2449100,5242849,2816,5240032,173732,2816,170915,8009947,2816,8007130,992558,2816,989741,515562,2816,512745,332730,2816,329913,662644,2816,659827,2816,2816,0
3,4888306,2840,4885466,7837002,2840,7834162,340148,2840,337308,2445573,2840,2442733,5225615,2840,5222774,171494,2840,168654,7981037,2840,7978197,977837,2840,974997,508803,2840,505962,327839,2840,324999,652838,2840,649998,2840,2840,0
4,4734982,2900,4732082,7553733,2900,7550833,304706,2900,301806,2368941,2900,2366041,5036788,2900,5033888,153803,2900,150903,7675329,2900,7672429,864358,2900,861458,455609,2900,452709,290052,2900,287152,577205,2900,574305,2900,2900,0
5,4731232,2907,4728325,7546188,2907,7543281,303435,2907,300528,2367069,2907,2364162,5031761,2907,5028854,153171,2907,150264,7666943,2907,7664036,860228,2907,857321,453700,2907,450792,288680,2907,285773,574454,2907,571547,2907,2907,0
6,4538287,2955,4535332,7199192,2955,7196237,265113,2955,262158,2270621,2955,2267666,4800446,2955,4797491,134034,2955,131079,7316840,2955,7313885,769284,2955,766329,396193,2955,393238,258398,2955,255443,513841,2955,510886,2955,2955,0
7,4533393,2964,4530428,7189465,2964,7186501,263536,2964,260571,2268178,2964,2265214,4793965,2964,4791000,133250,2964,130285,7306027,2964,7303062,764093,2964,761129,393822,2964,390857,256674,2964,253709,510384,2964,507419,2964,2964,0
8,4376732,3015,4373716,6876026,3015,6873011,211306,3015,208290,2189873,3015,2186858,4585022,3015,4582007,107160,3015,104145,7009679,3015,7006663,672147,3015,669132,315451,3015,312436,226059,3015,223044,449103,3015,446088,3015,3015,0
9,4371925,3024,4368901,6866691,3024,6863666,209901,3024,206876,2187475,3024,2184450,4578802,3024,4575777,106462,3024,103438,6999225,3024,6996201,667298,3024,664274,313339,3024,310315,224449,3024,221424,445873,3024,442849,3024,3024,0
10,3937497,3125,3934371,6105653,3125,6102528,137106,3125,133980,1970311,3125,1967185,4071477,3125,4068352,70115,3125,66990,6283886,3125,6280761,571930,3125,568805,204096,3125,200970,192727,3125,189601,382329,3125,379203,3125,3125,0
11,3936357,3127,3933229,6103517,3127,6100389,136824,3127,133696,1969742,3127,1966614,4070054,3127,4066926,69976,3127,66848,6281428,3127,6278300,570811,3127,567683,203672,3127,200545,192355,3127,189227,381583,3127,378455,3127,3127,0
12,3858360,3139,3855221,5961516,3139,5958377,120169,3139,117030,1930749,3139,1927610,3975390,3139,3972251,61654,3139,58515,6138038,3139,6134899,531241,3139,528102,178684,3139,175545,179173,3139,176034,355207,3139,352068,3139,3139,0
13,3848212,3160,3845052,5942718,3160,5939558,117813,3160,114653,1925686,3160,1922526,3962865,3160,3959705,60486,3160,57326,6116350,3160,6113190,521577,3160,518417,175140,3160,171980,175965,3160,172805,348771,3160,345611,3160,3160,0
14,3432056,3224,3428832,5265640,3224,5262415,82669,3224,79444,1717640,3224,1714416,3511501,3224,3508277,42946,3224,39722,5463873,3224,5460648,479324,3224,476100,122391,3224,119167,161924,3224,158700,320624,3224,317400,3224,3224,0
15,3422488,3245,3419242,5248342,3245,5245096,80733,3245,77488,1712866,3245,1709621,3499976,3245,3496731,41989,3245,38744,5443381,3245,5440135,470152,3245,466907,119477,3245,116232,158881,3245,155635,314516,3245,311271,3245,3245,0
16,3322085,3330,3318754,5060199,3330,5056868,55822,3330,52491,1662707,3330,1659377,3374576,3330,3371245,29576,3330,26245,5197324,3330,5193993,327123,3330,323792,82067,3330,78736,111261,3330,107930,219192,3330,215861,3330,3330,0
17,3316853,3342,3313511,5051018,3342,5047676,54948,3342,51606,1660098,3342,1656755,3368460,3342,3365117,29145,3342,25803,5186659,3342,5183316,322916,3342,319574,80751,3342,77409,109867,3342,106524,216391,3342,213049,3342,3342,0
18,2868775,3456,2865318,4343669,3456,4340212,31612,3456,28156,1436116,3456,1432659,2896931,3456,2893474,17534,3456,14078,4427583,3456,4424126,192679,3456,189222,45691,3456,42234,66531,3456,63074,129605,3456,126148,3456,3456,0
19,2859060,3480,2855580,4327153,3480,4323673,30349,3480,26868,1431270,3480,1427790,2885929,3480,2882449,16914,3480,13434,4408721,3480,4405241,186287,3480,182806,43783,3480,40303,64415,3480,60935,125351,3480,121871,3480,3480,0
20,2401440,3586,2397854,3622050,3586,3618464,18041,3586,14455,1202513,3586,1198927,2415895,3586,2412309,10813,3586,7227,3664477,3586,3660891,99751,3586,96165,25268,3586,21682,35641,3586,32055,67696,3586,64110,3586,3586,0
21,2399662,3590,2396071,3619101,3590,3615510,17859,3590,14269,1201626,3590,1198035,2413931,3590,2410340,10725,3590,7134,3661194,3590,3657603,98835,3590,95244,24994,3590,21403,35338,3590,31748,67087,3590,63496,3590,3590,0
22,2246742,3654,2243087,3378028,3654,3374374,10148,3654,6494,1125198,3654,1121543,2253236,3654,2249582,6901,3654,3247,3415168,3654,3411513,73977,3654,70323,13396,3654,9742,27095,3654,23441,50536,3654,46882,3654,3654,0
23,2245022,3658,2241363,3375259,3658,3371600,10029,3658,6370,1124340,3658,1120681,2251392,3658,2247733,6844,3658,3185,3412061,3658,3408402,73195,3658,69536,13214,3658,9555,26837,3658,23178,50016,3658,46357,3658,3658,0
24,1886117,3724,1882393,2831929,3724,2828205,6800,3724,3076,944920,3724,941196,1889194,3724,1885470,5262,3724,1538,2860973,3724,2857249,54211,3724,50487,8338,3724,4614,20553,3724,16829,37382,3724,33658,3724,3724,0
25,1883755,3731,1880024,2828191,3731,2824460,6679,3731,2948,943743,3731,940012,1886704,3731,1882973,5205,3731,1474,2856760,3731,2853029,53220,3731,49489,8154,3731,4423,20227,3731,16496,36724,3731,32993,3731,3731,0
26,1653847,3797,1650050,2478872,3797,2475075,3797,3797,0,828822,3797,825025,1653847,3797,1650050,3797,3797,0,2497919,3797,2494121,32367,3797,28569,3797,3797,0,13321,3797,9523,22844,3797,19046,3797,3797,0
27,1647218,3818,1643399,2468918,3818,2465099,3818,3818,0,825518,3818,821699,1647218,3818,1643399,3818,3818,0,2486486,3818,2482667,30170,3818,26351,3818,3818,0,12602,3818,8783,21386,3818,17567,3818,3818,0
28,1364488,3862,1360626,2044801,3862,2040939,3862,3862,0,684175,3862,680313,1364488,3862,1360626,3862,3862,0,2060021,3862,2056159,26692,3862,22830,3862,3862,0,11472,3862,7610,19082,3862,15220,3862,3862,0
29,1351998,3893,1348104,2026051,3893,2022157,3893,3893,0,677946,3893,674052,1351998,3893,1348104,3893,3893,0,2039773,3893,2035880,24478,3893,20584,3893,3893,0,10755,3893,6861,17616,3893,13722,3893,3893,0
30,1154428,3920,1150507,1729682,3920,1725761,3920,3920,0,579174,3920,575253,1154428,3920,1150507,3920,3920,0,1735467,3920,1731546,12599,3920,8678,3920,3920,0,6813,3920,2892,9706,3920,5785,3920,3920,0
31,1147641,3950,1143691,1719486,3950,1715536,3950,3950,0,575795,3950,571845,1147641,3950,1143691,3950,3950,0,1724118,3950,1720168,10898,3950,6948,3950,3950,0,6266,3950,2316,8582,3950,4632,3950,3950,0
32,913516,3989,909526,1368280,3989,1364290,3989,3989,0,458753,3989,454763,913516,3989,909526,3989,3989,0,1370397,3989,1366407,7165,3989,3175,3989,3989,0,5048,3989,1058,6106,3989,2116,3989,3989,0
33,904317,4029,900287,1354460,4029,1350430,4029,4029,0,454173,4029,450143,904317,4029,900287,4029,4029,0,1355789,4029,1351759,6023,4029,1993,4029,4029,0,4694,4029,664,5358,4029,1328,4029,4029,0
34,715282,4081,711201,1070883,4081,1066801,4081,4081,0,359682,4081,355600,715282,4081,711201,4081,4081,0,1070883,4081,1066801,4081,4081,0,4081,4081,0,4081,4081,0,4081,4081,0,4081,4081,0
35,713149,4098,709051,1067675,4098,1063577,4098,4098,0,358623,4098,354525,713149,4098,709051,4098,4098,0,1067675,4098,1063577,4098,4098,0,4098,4098,0,4098,4098,0,4098,4098,0,4098,4098,0
36,526066,4146,521919,787026,4146,782879,4146,4146,0,265106,4146,260959,526066,4146,521919,4146,4146,0,787026,4146,782879,4146,4146,0,4146,4146,0,4146,4146,0,4146,4146,0,4146,4146,0
37,517950,4181,513769,774834,4181,770653,4181,4181,0,261065,4181,256884,517950,4181,513769,4181,4181,0,774834,4181,770653,4181,4181,0,4181,4181,0,4181,4181,0,4181,4181,0,4181,4181,0
38,319488,4177,315311,477144,4177,472967,4177,4177,0,161833,4177,157655,319488,4177,315311,4177,4177,0,477144,4177,472967,4177,4177,0,4177,4177,0,4177,4177,0,4177,4177,0,4177,4177,0
39,319488,4177,315311,477144,4177,472967,4177,4177,0,161833,4177,157655,319488,4177,315311,4177,4177,0,477144,4177,472967,4177,4177,0,4177,4177,0,4177,4177,0,4177,4177,0,4177,4177,0
40,303251,4175,299076,452789,4175,448614,4175,4175,0,153713,4175,149538,303251,4175,299076,4175,4175,0,452789,4175,448614,4175,4175,0,4175,4175,0,4175,4175,0,4175,4175,0,4175,4175,0
41,303251,4175,299076,452789,4175,448614,4175,4175,0,153713,4175,149538,303251,4175,299076,4175,4175,0,452789,4175,448614,4175,4175,0,4175,4175,0,4175,4175,0,4175,4175,0,4175,4175,0
42,139591,4258,135332,207258,4258,202999,4258,4258,0,71925,4258,67666,139591,4258,135332,4258,4258,0,207258,4258,202999,4258,4258,0,4258,4258,0,4258,4258,0,4258,4258,0,4258,4258,0
43,139380,4270,135110,206935,4270,202665,4270,4270,0,71825,4270,67555,139380,4270,135110,4270,4270,0,206935,4270,202665,4270,4270,0,4270,4270,0,4270,4270,0,4270,4270,0,4270,4270,0
44,19633,4357,15276,27271,4357,22914,4357,4357,0,11995,4357,7638,19633,4357,15276,4357,4357,0,27271,4357,22914,4357,4357,0,4357,4357,0,4357,4357,0,4357,4357,0,4357,4357,0
45,17341,4400,12940,23811,4400,19410,4400,4400,0,10871,4400,6470,17341,4400,12940,4400,4400,0,23811,4400,19410,4400,4400,0,4400,4400,0,4400,4400,0,4400,4400,0,4400,4400,0
46,4449,4449,0,4449,4449,0,4449,4449,0,4449,4449,0,4449,4449,0,4449,4449,0,4449,4449,0,4449,4449,0,4449,4449,0,4449,4449,0,4449,4449,0,4449,4449,0
47,4495,4495,0,4495,4495,0,4495,4495,0,4495,4495,0,4495,4495,0,4495,4495,0,4495,4495,0,4495,4495,0,4495,4495,0,4495,4495,0,4495,4495,0,4495,4495,0
48,4401,4401,0,4401,4401,0,4401,4401,0,4401,4401,0,4401,4401,0,4401,4401,0,4401,4401,0,4401,4401,0,4401,4401,0,4401,4401,0,4401,4401,0,4401,4401,0
49,4401,4401,0,4401,4401,0,4401,4401,0,4401,4401,0,4401,4401,0,4401,4401,0,4401,4401,0,4401,4401,0,4401,4401,0,4401,4401,0,4401,4401,0,4401,4401,0
50,4370,4370,0,4370,4370,0,4370,4370,0,4370,4370,0,4370,4370,0,4370,4370,0,4370,4370,0,4370,4370,0,4370,4370,0,4370,4370,0,4370,4370,0,4370,4370,0
51,4370,4370,0,4370,4370,0,4370,4370,0,4370,4370,0,4370,4370,0,4370,4370,0,4370,4370,0,4370,4370,0,4370,4370,0,4370,4370,0,4370,4370,0,4370,4370,0
52,4988,4235,752,5364,4235,1128,4235,4235,0,4612,4235,376,4988,4235,752,4235,4235,0,5364,4235,1128,4235,4235,0,4235,4235,0,4235,4235,0,4235,4235,0,4235,4235,0
53,4294,4294,0,4294,4294,0,4294,4294,0,4294,4294,0,4294,4294,0,4294,4294,0,4294,4294,0,4294,4294,0,4294,4294,0,4294,4294,0,4294,4294,0,4294,4294,0
54,4247,4247,0,4247,4247,0,4247,4247,0,4247,4247,0,4247,4247,0,4247,4247,0,4247,4247,0,4247,4247,0,4247,4247,0,4247,4247,0,4247,4247,0,4247,4247,0
55,4247,4247,0,4247,4247,0,4247,4247,0,4247,4247,0,4247,4247,0,4247,4247,0,4247,4247,0,4247,4247,0,4247,4247,0,4247,4247,0,4247,4247,0,4247,4247,0
56,4219,4219,0,4219,4219,0,4219,4219,0,4219,4219,0,4219,4219,0,4219,4219,0,4219,4219,0,4219,4219,0,4219,4219,0,4219,4219,0,4219,4219,0,4219,4219,0
57,4219,4219,0,4219,4219,0,4219,4219,0,4219,4219,0,4219,4219,0,4219,4219,0,4219,4219,0,4219,4219,0,4219,4219,0,4219,4219,0,4219,4219,0,4219,4219,0
58,4189,4189,0,4189,4189,0,4189,4189,0,4189,4189,0,4189,4189,0,4189,4189,0,4189,4189,0,4189,4189,0,4189,4189,0,4189,4189,0,4189,4189,0,4189,4189,0
59,4189,4189,0,4189,4189,0,4189,4189,0,4189,4189,0,4189,4189,0,4189,4189,0,4189,4189,0,4189,4189,0,4189,4189,0,4189,4189,0,4189,4189,0,4189,4189,0
60,4150,4150,0,4150,4150,0,4150,4150,0,4150,4150,0,4150,4150,0,4150,4150,0,4150,4150,0,4150,4150,0,4150,4150,0,4150,4150,0,4150,4150,0,4150,4150,0
61,4150,4150,0,4150,4150,0,4150,4150,0,4150,4150,0,4150,4150,0,4150,4150,0,4150,4150,0,4150,4150,0,4150,4150,0,4150,4150,0,4150,4150,0,4150,4150,0
62,4119,4119,0,4119,4119,0,4119,4119,0,4119,4119,0,4119,4119,0,4119,4119,0,4119,4119,0,4119,4119,0,4119,4119,0,4119,4119,0,4119,4119,0,4119,4119,0
63,4119,4119,0,4119,4119,0,4119,4119,0,4119,4119,0,4119,4119,0,4119,4119,0,4119,4119,0,4119,4119,0,4119,4119,0,4119,4119,0,4119,4119,0,4119,4119,0
64,4097,4055,41,4356,4055,301,4214,4055,159,4076,4055,20,4256,4055,200,4135,4055,79,4117,4055,62,4055,4055,0,4294,4055,238,4055,4055,0,4055,4055,0,4055,4055,0
65,4081,4070,11,4087,4070,16,4070,4070,0,4076,4070,5,4081,4070,11,4070,4070,0,4087,4070,16,4070,4070,0,4070,4070,0,4070,4070,0,4070,4070,0,4070,4070,0
66,4069,4069,0,4069,4069,0,4069,4069,0,4069,4069,0,4069,4069,0,4069,4069,0,4075,4069,5,4077,4069,7,4069,4069,0,4071,4069,2,4074,4069,5,4069,4069,0
67,4084,4084,0,4084,4084,0,4084,4084,0,4084,4084,0,4084,4084,0,4084,4084,0,4084,4084,0,4084,4084,0,4084,4084,0,4084,4084,0,4084,4084,0,4084,4084,0
68,5885,4083,1801,6786,4083,2702,4083,4083,0,4984,4083,900,5885,4083,1801,4083,4083,0,6786,4083,2702,4083,4083,0,4083,4083,0,4083,4083,0,4083,4083,0,4083,4083,0
69,4104,4104,0,4104,4104,0,4104,4104,0,4104,4104,0,4104,4104,0,4104,4104,0,4104,4104,0,4104,4104,0,4104,4104,0,4104,4104,0,4104,4104,0,4104,4104,0
70,4105,4105,0,4105,4105,0,4105,4105,0,4105,4105,0,4105,4105,0,4105,4105,0,4105,4105,0,4105,4105,0,4105,4105,0,4105,4105,0,4105,4105,0,4105,4105,0
71,4104,4104,0,4104,4104,0,4104,4104,0,4104,4104,0,4104,4104,0,4104,4104,0,4104,4104,0,4104,4104,0,4104,4104,0,4104,4104,0,4104,4104,0,4104,4104,0
72,4153,4066,87,4197,4066,130,4066,4066,0,4110,4066,43,4153,4066,87,4066,4066,0,4197,4066,130,4066,4066,0,4066,4066,0,4066,4066,0,4066,4066,0,4066,4066,0
73,4094,4094,0,4094,4094,0,4094,4094,0,4094,4094,0,4094,4094,0,4094,4094,0,4094,4094,0,4094,4094,0,4094,4094,0,4094,4094,0,4094,4094,0,4094,4094,0
74,4089,4089,0,4089,4089,0,4089,4089,0,4089,4089,0,4089,4089,0,4089,4089,0,4089,4089,0,4089,4089,0,4089,4089,0,4089,4089,0,4089,4089,0,4089,4089,0
75,4089,4089,0,4089,4089,0,4089,4089,0,4089,4089,0,4089,4089,0,4089,4089,0,4089,4089,0,4089,4089,0,4089,4089,0,4089,4089,0,4089,4089,0,4089,4089,0
76,4111,4111,0,4111,4111,0,4111,4111,0,4111,4111,0,4111,4111,0,4111,4111,0,4111,4111,0,4111,4111,0,4111,4111,0,4111,4111,0,4111,4111,0,4111,4111,0
77,4089,4089,0,4089,4089,0,4089,4089,0,4089,4089,0,4089,4089,0,4089,4089,0,4089,4089,0,4089,4089,0,4089,4089,0,4089,4089,0,4089,4089,0,4089,4089,0
78,4069,4069,0,4069,4069,0,4069,4069,0,4069,4069,0,4069,4069,0,4069,4069,0,4069,4069,0,4069,4069,0,4069,4069,0,4069,4069,0,4069,4069,0,4069,4069,0
79,4069,4069,0,4069,4069,0,4069,4069,0,4069,4069,0,4069,4069,0,4069,4069,0,4069,4069,0,4069,4069,0,4069,4069,0,4069,4069,0,4069,4069,0,4069,4069,0
80,4057,4057,0,4122,4057,64,4100,4057,43,4057,4057,0,4100,4057,43,4079,4057,21,4057,4057,0,4057,4057,0,4122,4057,64,4057,4057,0,4057,4057,0,4057,4057,0
81,4089,4089,0,4089,4089,0,4089,4089,0,4089,4089,0,4089,4089,0,4089,4089,0,4089,4089,0,4089,4089,0,4089,4089,0,4089,4089,0,4089,4089,0,4089,4089,0
82,4086,4086,0,4086,4086,0,4086,4086,0,4086,4086,0,4086,4086,0,4086,4086,0,4086,4086,0,4086,4086,0,4086,4086,0,4086,4086,0,4086,4086,0,4086,4086,0
83,4086,4086,0,4086,4086,0,4086,4086,0,4086,4086,0,4086,4086,0,4086,4086,0,4086,4086,0,4086,4086,0,4086,4086,0,4086,4086,0,4086,4086,0,4086,4086,0
84,4062,4062,0,4062,4062,0,4062,4062,0,4062,4062,0,4062,4062,0,4062,4062,0,4062,4062,0,4062,4062,0,4062,4062,0,4062,4062,0,4062,4062,0,4062,4062,0
85,4062,4062,0,4062,4062,0,4062,4062,0,4062,4062,0,4062,4062,0,4062,4062,0,4062,4062,0,4062,4062,0,4062,4062,0,4062,4062,0,4062,4062,0,4062,4062,0
86,4033,4033,0,4033,4033,0,4033,4033,0,4033,4033,0,4033,4033,0,4033,4033,0,4033,4033,0,4033,4033,0,4033,4033,0,4033,4033,0,4033,4033,0,4033,4033,0
87,4033,4033,0,4033,4033,0,4033,4033,0,4033,4033,0,4033,4033,0,4033,4033,0,4033,4033,0,4033,4033,0,4033,4033,0,4033,4033,0,4033,4033,0,4033,4033,0
88,4005,4005,0,6126,4005,2121,5419,4005,1414,4005,4005,0,5419,4005,1414,4712,4005,707,4005,4005,0,4005,4005,0,6126,4005,2121,4005,4005,0,4005,4005,0,4005,4005,0
89,4036,4036,0,4036,4036,0,4036,4036,0,4036,4036,0,4036,4036,0,4036,4036,0,4036,4036,0,4036,4036,0,4036,4036,0,4036,4036,0,4036,4036,0,4036,4036,0
90,4018,4018,0,4506,4018,487,4343,4018,325,4018,4018,0,4343,4018,325,4181,4018,162,4018,4018,0,4018,4018,0,4506,4018,487,4018,4018,0,4018,4018,0,4018,4018,0
91,4031,4031,0,4031,4031,0,4031,4031,0,4031,4031,0,4031,4031,0,4031,4031,0,4031,4031,0,4031,4031,0,4031,4031,0,4031,4031,0,4031,4031,0,4031,4031,0
92,3986,3986,0,6438,3986,2452,5620,3986,1634,3986,3986,0,5620,3986,1634,4803,3986,817,4312,3986,326,4475,3986,489,6438,3986,2452,4149,3986,163,4312,3986,326,3986,3986,0
93,4048,4048,0,4048,4048,0,4048,4048,0,4048,4048,0,4048,4048,0,4048,4048,0,4048,4048,0,4048,4048,0,4048,4048,0,4048,4048,0,4048,4048,0,4048,4048,0
94,4069,4069,0,4069,4069,0,4069,4069,0,4069,4069,0,4069,4069,0,4069,4069,0,4069,4069,0,4069,4069,0,4069,4069,0,4069,4069,0,4069,4069,0,4069,4069,0
95,4048,4048,0,4048,4048,0,4048,4048,0,4048,4048,0,4048,4048,0,4048,4048,0,4048,4048,0,4048,4048,0,4048,4048,0,4048,4048,0,4048,4048,0,4048,4048,0
96,4003,4003,0,6531,4003,2527,5688,4003,1685,4003,4003,0,5688,4003,1685,4846,4003,842,4003,4003,0,4003,4003,0,6531,4003,2527,4003,4003,0,4003,4003,0,4003,4003,0
97,4034,4034,0,4034,4034,0,4034,4034,0,4034,4034,0,4034,4034,0,4034,4034,0,4034,4034,0,4034,4034,0,4034,4034,0,4034,4034,0,4034,4034,0,4034,4034,0
98,4135,3961,173,7569,3961,3608,6192,3961,2231,4048,3961,86,6366,3961,2405,5077,3961,1115,4274,3961,312,4039,3961,78,7308,3961,3347,3987,3961,26,4013,3961,52,3961,3961,0
99,4035,4035,0,4035,4035,0,4035,4035,0,4035,4035,0,4035,4035,0,4035,4035,0,4035,4035,0,4035,4035,0,4035,4035,0,4035,4035,0,4035,4035,0,4035,4035,0
100,4024,4024,0,4024,4024,0,4024,4024,0,4024,4024,0,4024,4024,0,4024,4024,0,4024,4024,0,4024,4024,0,4024,4024,0,4024,4024,0,4024,4024,0,4024,4024,0
101,4024,4024,0,4024,4024,0,4024,4024,0,4024,4024,0,4024,4024,0,4024,4024,0,4024,4024,0,4024,4024,0,4024,4024,0,4024,4024,0,4024,4024,0,4024,4024,0
102,4304,3974,330,6038,3974,2064,5020,3974,1045,4139,3974,165,5350,3974,1376,4497,3974,522,4469,3974,495,3974,3974,0,5542,3974,1568,3974,3974,0,3974,3974,0,3974,3974,0
103,4030,4030,0,4030,4030,0,4030,4030,0,4030,4030,0,4030,4030,0,4030,4030,0,4030,4030,0,4030,4030,0,4030,4030,0,4030,4030,0,4030,4030,0,4030,4030,0
104,4387,4005,382,4604,4005,598,4022,4005,17,4196,4005,191,4404,4005,399,4013,4005,8,4578,4005,573,4005,4005,0,4030,4005,25,4005,4005,0,4005,4005,0,4005,4005,0
105,4021,4021,0,4308,4021,287,4212,4021,191,4021,4021,0,4212,4021,191,4117,4021,95,4021,4021,0,4021,4021,0,4308,4021,287,4021,4021,0,4021,4021,0,4021,4021,0
106,4008,4008,0,4807,4008,798,4540,4008,532,4008,4008,0,4540,4008,532,4274,4008,266,4008,4008,0,4008,4008,0,4807,4008,798,4008,4008,0,4008,4008,0,4008,4008,0
107,4021,4021,0,4238,4021,216,4166,4021,144,4021,4021,0,4166,4021,144,4094,4021,72,4021,4021,0,4021,4021,0,4238,4021,216,4021,4021,0,4021,4021,0,4021,4021,0
108,3989,3989,0,4638,3989,649,4421,3989,432,3989,3989,0,4421,3989,432,4205,3989,216,3989,3989,0,3989,3989,0,4638,3989,649,3989,3989,0,3989,3989,0,3989,3989,0
109,3990,3990,0,4574,3990,584,4380,3990,389,3990,3990,0,4380,3990,389,4185,3990,194,3990,3990,0,3990,3990,0,4574,3990,584,3990,3990,0,3990,3990,0,3990,3990,0
110,4013,4013,0,4100,4013,87,4071,4013,58,4013,4013,0,4071,4013,58,4042,4013,29,4013,4013,0,4013,4013,0,4100,4013,87,4013,4013,0,4013,4013,0,4013,4013,0
111,3997,3997,0,4180,3997,182,4119,3997,121,3997,3997,0,4119,3997,121,4058,3997,60,3997,3997,0,3997,3997,0,4180,3997,182,3997,3997,0,3997,3997,0,3997,3997,0
112,3990,3990,0,5213,3990,1223,4805,3990,815,3990,3990,0,4805,3990,815,4397,3990,407,3990,3990,0,3990,3990,0,5213,3990,1223,3990,3990,0,3990,3990,0,3990,3990,0
113,3998,3998,0,4232,3998,234,4154,3998,156,3998,3998,0,4154,3998,156,4076,3998,78,3998,3998,0,3998,3998,0,4232,3998,234,3998,3998,0,3998,3998,0,3998,3998,0
114,4634,3962,671,6769,3962,2806,5162,3962,1199,4298,3962,335,5834,3962,1871,4562,3962,599,4970,3962,1007,3962,3962,0,5762,3962,1799,3962,3962,0,3962,3962,0,3962,3962,0
115,3980,3970,9,4695,3970,724,4443,3970,472,3975,3970,4,4453,3970,482,4207,3970,236,4007,3970,36,4004,3970,33,4680,3970,709,3981,3970,11,3993,3970,22,3970,3970,0
116,4000,4000,0,4000,4000,0,4000,4000,0,4000,4000,0,4000,4000,0,4000,4000,0,4000,4000,0,4000,4000,0,4000,4000,0,4000,4000,0,4000,4000,0,4000,4000,0
117,3975,3975,0,3975,3975,0,3975,3975,0,3975,3975,0,3975,3975,0,3975,3975,0,4237,3975,262,4368,3975,393,3975,3975,0,4106,3975,131,4237,3975,262,3975,3975,0
118,4002,4002,0,4002,4002,0,4002,4002,0,4002,4002,0,4002,4002,0,4002,4002,0,4002,4002,0,4002,4002,0,4002,4002,0,4002,4002,0,4002,4002,0,4002,4002,0
119,3988,3988,0,3988,3988,0,3988,3988,0,3988,3988,0,3988,3988,0,3988,3988,0,3988,3988,0,3988,3988,0,3988,3988,0,3988,3988,0,3988,3988,0,3988,3988,0
120,5496,3929,1567,6737,3929,2808,4234,3929,305,4712,3929,783,5801,3929,1872,4081,3929,152,7142,3929,3213,5223,3929,1294,4386,3929,457,4360,3929,431,4792,3929,862,3929,3929,0
121,3988,3988,0,3988,3988,0,3988,3988,0,3988,3988,0,3988,3988,0,3988,3988,0,3988,3988,0,3988,3988,0,3988,3988,0,3988,3988,0,3988,3988,0,3988,3988,0
122,7072,3929,3142,12654,3929,8724,6603,3929,2673,5501,3929,1571,9746,3929,5816,5266,3929,1336,8803,3929,4874,4169,3929,239,7940,3929,4010,4009,3929,79,4089,3929,159,3929,3929,0
123,3988,3988,0,3988,3988,0,3988,3988,0,3988,3988,0,3988,3988,0,3988,3988,0,3988,3988,0,3988,3988,0,3988,3988,0,3988,3988,0,3988,3988,0,3988,3988,0
124,4002,4002,0,4020,4002,17,4014,4002,11,4002,4002,0,4014,4002,11,4008,4002,5,4002,4002,0,4002,4002,0,4020,4002,17,4002,4002,0,4002,4002,0,4002,4002,0
125,3988,3988,0,3988,3988,0,3988,3988,0,3988,3988,0,3988,3988,0,3988,3988,0,3988,3988,0,3988,3988,0,3988,3988,0,3988,3988,0,3988,3988,0,3988,3988,0
126,4019,4019,0,4019,4019,0,4019,4019,0,4019,4019,0,4019,4019,0,4019,4019,0,4019,4019,0,4019,4019,0,4019,4019,0,4019,4019,0,4019,4019,0,4019,4019,0
127,3988,3988,0,3988,3988,0,3988,3988,0,3988,3988,0,3988,3988,0,3988,3988,0,3988,3988,0,3988,3988,0,3988,3988,0,3988,3988,0,3988,3988,0,3988,3988,0
128,4004,4004,0,4004,4004,0,4004,4004,0,4004,4004,0,4004,4004,0,4004,4004,0,4004,4004,0,4004,4004,0,4004,4004,0,4004,4004,0,4004,4004,0,4004,4004,0
129,3988,3988,0,3988,3988,0,3988,3988,0,3988,3988,0,3988,3988,0,3988,3988,0,3988,3988,0,3988,3988,0,3988,3988,0,3988,3988,0,3988,3988,0,3988,3988,0
130,3989,3989,0,3989,3989,0,3989,3989,0,3989,3989,0,3989,3989,0,3989,3989,0,3989,3989,0,3989,3989,0,3989,3989,0,3989,3989,0,3989,3989,0,3989,3989,0
131,3988,3988,0,3988,3988,0,3988,3988,0,3988,3988,0,3988,3988,0,3988,3988,0,3988,3988,0,3988,3988,0,3988,3988,0,3988,3988,0,3988,3988,0,3988,3988,0
132,8506,3913,4593,14012,3913,10098,6052,3913,2139,6210,3913,2296,10646,3913,6732,4983,3913,1069,11225,3913,7312,4547,3913,633,7122,3913,3209,4124,3913,211,4335,3913,422,3913,3913,0
133,3988,3988,0,3988,3988,0,3988,3988,0,3988,3988,0,3988,3988,0,3988,3988,0,3988,3988,0,3988,3988,0,3988,3988,0,3988,3988,0,3988,3988,0,3988,3988,0
134,3999,3999,0,3999,3999,0,3999,3999,0,3999,3999,0,3999,3999,0,3999,3999,0,3999,3999,0,3999,3999,0,3999,3999,0,3999,3999,0,3999,3999,0,3999,3999,0
135,3988,3988,0,3988,3988,0,3988,3988,0,3988,3988,0,3988,3988,0,3988,3988,0,3988,3988,0,3988,3988,0,3988,3988,0,3988,3988,0,3988,3988,0,3988,3988,0
136,4054,3983,71,4099,3983,115,3990,3983,6,4019,3983,35,4061,3983,77,3987,3983,3,4090,3983,106,3983,3983,0,3993,3983,9,3983,3983,0,3983,3983,0,3983,3983,0
137,3984,3984,0,3985,3984,0,3984,3984,0,3984,3984,0,3984,3984,0,3984,3984,0,3985,3984,0,3984,3984,0,3984,3984,0,3984,3984,0,3984,3984,0,3984,3984,0
138,4012,4012,0,4012,4012,0,4012,4012,0,4012,4012,0,4012,4012,0,4012,4012,0,4012,4012,0,4012,4012,0,4012,4012,0,4012,4012,0,4012,4012,0,4012,4012,0
139,3984,3984,0,3985,3984,0,3984,3984,0,3984,3984,0,3984,3984,0,3984,3984,0,3985,3984,0,3984,3984,0,3984,3984,0,3984,3984,0,3984,3984,0,3984,3984,0
140,4043,4043,0,4043,4043,0,4043,4043,0,4043,4043,0,4043,4043,0,4043,4043,0,4043,4043,0,4043,4043,0,4043,4043,0,4043,4043,0,4043,4043,0,4043,4043,0
141,3984,3984,0,3985,3984,0,3984,3984,0,3984,3984,0,3984,3984,0,3984,3984,0,3985,3984,0,3984,3984,0,3984,3984,0,3984,3984,0,3984,3984,0,3984,3984,0
142,4000,4000,0,4000,4000,0,4000,4000,0,4000,4000,0,4000,4000,0,4000,4000,0,4000,4000,0,4000,4000,0,4000,4000,0,4000,4000,0,4000,4000,0,4000,4000,0
143,3984,3984,0,3985,3984,0,3984,3984,0,3984,3984,0,3984,3984,0,3984,3984,0,3985,3984,0,3984,3984,0,3984,3984,0,3984,3984,0,3984,3984,0,3984,3984,0
144,4031,4031,0,4031,4031,0,4031,4031,0,4031,4031,0,4031,4031,0,4031,4031,0,4031,4031,0,4031,4031,0,4031,4031,0,4031,4031,0,4031,4031,0,4031,4031,0
145,3984,3984,0,3985,3984,0,3984,3984,0,3984,3984,0,3984,3984,0,3984,3984,0,3985,3984,0,3984,3984,0,3984,3984,0,3984,3984,0,3984,3984,0,3984,3984,0
146,4011,4011,0,4011,4011,0,4011,4011,0,4011,4011,0,4011,4011,0,4011,4011,0,4011,4011,0,4011,4011,0,4011,4011,0,4011,4011,0,4011,4011,0,4011,4011,0
147,3984,3984,0,3985,3984,0,3984,3984,0,3984,3984,0,3984,3984,0,3984,3984,0,3985,3984,0,3984,3984,0,3984,3984,0,3984,3984,0,3984,3984,0,3984,3984,0
148,4368,3959,408,4572,3959,613,3959,3959,0,4163,3959,204,4368,3959,408,3959,3959,0,5294,3959,1335,5042,3959,1082,3959,3959,0,4320,3959,360,4681,3959,721,3959,3959,0
149,3979,3976,2,3980,3976,3,3976,3976,0,3977,3976,1,3979,3976,2,3976,3976,0,3980,3976,3,3976,3976,0,3976,3976,0,3976,3976,0,3976,3976,0,3976,3976,0
150,4011,4011,0,4011,4011,0,4011,4011,0,4011,4011,0,4011,4011,0,4011,4011,0,4011,4011,0,4011,4011,0,4011,4011,0,4011,4011,0,4011,4011,0,4011,4011,0
151,3979,3976,2,3980,3976,3,3976,3976,0,3977,3976,1,3979,3976,2,3976,3976,0,3980,3976,3,3976,3976,0,3976,3976,0,3976,3976,0,3976,3976,0,3976,3976,0
152,3979,3979,0,3984,3979,5,3982,3979,3,3979,3979,0,3982,3979,3,3981,3979,1,3979,3979,0,3979,3979,0,3984,3979,5,3979,3979,0,3979,3979,0,3979,3979,0
153,3980,3980,0,3980,3980,0,3980,3980,0,3980,3980,0,3980,3980,0,3980,3980,0,3980,3980,0,3980,3980,0,3980,3980,0,3980,3980,0,3980,3980,0,3980,3980,0
154,8450,3923,4526,10895,3923,6971,4044,3923,121,6187,3923,2263,8571,3923,4647,3984,3923,60,11870,3923,7946,5658,3923,1734,4105,3923,181,4502,3923,578,5080,3923,1156,3923,3923,0
155,3981,3981,0,3981,3981,0,3981,3981,0,3981,3981,0,3981,3981,0,3981,3981,0,3981,3981,0,3981,3981,0,3981,3981,0,3981,3981,0,3981,3981,0,3981,3981,0
156,3977,3977,0,4350,3977,373,4226,3977,248,3977,3977,0,4226,3977,248,4102,3977,124,3977,3977,0,3977,3977,0,4350,3977,373,3977,3977,0,3977,3977,0,3977,3977,0
157,4000,4000,0,4000,4000,0,4000,4000,0,4000,4000,0,4000,4000,0,4000,4000,0,4000,4000,0,4000,4000,0,4000,4000,0,4000,4000,0,4000,4000,0,4000,4000,0
158,4006,4006,0,4006,4006,0,4006,4006,0,4006,4006,0,4006,4006,0,4006,4006,0,4239,4006,232,4355,4006,349,4006,4006,0,4122,4006,116,4239,4006,232,4006,4006,0
159,4000,4000,0,4000,4000,0,4000,4000,0,4000,4000,0,4000,4000,0,4000,4000,0,4000,4000,0,4000,4000,0,4000,4000,0,4000,4000,0,4000,4000,0,4000,4000,0
160,4100,3972,127,4226,3972,253,4014,3972,41,4036,3972,63,4141,3972,169,3993,3972,20,4164,3972,191,3972,3972,0,4034,3972,62,3972,3972,0,3972,3972,0,3972,3972,0
161,4015,4015,0,4015,4015,0,4015,4015,0,4015,4015,0,4015,4015,0,4015,4015,0,4015,4015,0,4015,4015,0,4015,4015,0,4015,4015,0,4015,4015,0,4015,4015,0
162,4014,4014,0,4014,4014,0,4014,4014,0,4014,4014,0,4014,4014,0,4014,4014,0,4014,4014,0,4014,4014,0,4014,4014,0,4014,4014,0,4014,4014,0,4014,4014,0
163,4014,4014,0,4014,4014,0,4014,4014,0,4014,4014,0,4014,4014,0,4014,4014,0,4014,4014,0,4014,4014,0,4014,4014,0,4014,4014,0,4014,4014,0,4014,4014,0
164,3987,3987,0,3987,3987,0,3987,3987,0,3987,3987,0,3987,3987,0,3987,3987,0,3987,3987,0,3987,3987,0,3987,3987,0,3987,3987,0,3987,3987,0,3987,3987,0
165,3987,3987,0,3987,3987,0,3987,3987,0,3987,3987,0,3987,3987,0,3987,3987,0,3987,3987,0,3987,3987,0,3987,3987,0,3987,3987,0,3987,3987,0,3987,3987,0
166,4002,4002,0,4002,4002,0,4002,4002,0,4002,4002,0,4002,4002,0,4002,4002,0,4002,4002,0,4002,4002,0,4002,4002,0,4002,4002,0,4002,4002,0,4002,4002,0
167,3987,3987,0,3987,3987,0,3987,3987,0,3987,3987,0,3987,3987,0,3987,3987,0,3987,3987,0,3987,3987,0,3987,3987,0,3987,3987,0,3987,3987,0,3987,3987,0
168,5227,3931,1296,6960,3931,3028,4654,3931,722,4579,3931,648,5950,3931,2019,4292,3931,361,5962,3931,2030,4060,3931,129,5015,3931,1084,3974,3931,43,4017,3931,86,3931,3931,0
169,3976,3976,0,3976,3976,0,3976,3976,0,3976,3976,0,3976,3976,0,3976,3976,0,3976,3976,0,3976,3976,0,3976,3976,0,3976,3976,0,3976,3976,0,3976,3976,0
170,7597,3922,3674,9752,3922,5829,4134,3922,211,5760,3922,1837,7809,3922,3886,4028,3922,105,9557,3922,5634,4107,3922,184,4240,3922,317,3984,3922,61,4046,3922,123,3922,3922,0
171,3976,3976,0,3976,3976,0,3976,3976,0,3976,3976,0,3976,3976,0,3976,3976,0,3976,3976,0,3976,3976,0,3976,3976,0,3976,3976,0,3976,3976,0,3976,3976,0
172,4726,3935,791,5169,3935,1234,3966,3935,31,4330,3935,395,4758,3935,823,3950,3935,15,6356,3935,2421,5785,3935,1850,3982,3935,46,4552,3935,616,5168,3935,1233,3935,3935,0
173,3971,3971,0,3971,3971,0,3971,3971,0,3971,3971,0,3971,3971,0,3971,3971,0,3971,3971,0,3971,3971,0,3971,3971,0,3971,3971,0,3971,3971,0,3971,3971,0
174,3979,3979,0,3979,3979,0,3979,3979,0,3979,3979,0,3979,3979,0,3979,3979,0,3979,3979,0,3979,3979,0,3979,3979,0,3979,3979,0,3979,3979,0,3979,3979,0
175,3971,3971,0,3971,3971,0,3971,3971,0,3971,3971,0,3971,3971,0,3971,3971,0,3971,3971,0,3971,3971,0,3971,3971,0,3971,3971,0,3971,3971,0,3971,3971,0
176,3976,3976,0,4253,3976,276,4161,3976,184,3976,3976,0,4161,3976,184,4068,3976,92,3976,3976,0,3976,3976,0,4253,3976,276,3976,3976,0,3976,3976,0,3976,3976,0
177,3971,3971,0,3971,3971,0,3971,3971,0,3971,3971,0,3971,3971,0,3971,3971,0,3971,3971,0,3971,3971,0,3971,3971,0,3971,3971,0,3971,3971,0,3971,3971,0
178,6995,3931,3064,8528,3931,4597,3931,3931,0,5463,3931,1532,6995,3931,3064,3931,3931,0,8586,3931,4654,4018,3931,86,3931,3931,0,3960,3931,28,3989,3931,57,3931,3931,0
179,3987,3987,0,3987,3987,0,3987,3987,0,3987,3987,0,3987,3987,0,3987,3987,0,3987,3987,0,3987,3987,0,3987,3987,0,3987,3987,0,3987,3987,0,3987,3987,0
180,5220,3953,1266,5863,3953,1910,3959,3953,6,4586,3953,633,5226,3953,1273,3956,3953,3,5853,3953,1900,3953,3953,0,3963,3953,10,3953,3953,0,3953,3953,0,3953,3953,0
181,3988,3988,0,3988,3988,0,3988,3988,0,3988,3988,0,3988,3988,0,3988,3988,0,3988,3988,0,3988,3988,0,3988,3988,0,3988,3988,0,3988,3988,0,3988,3988,0
182,3949,3946,3,4081,3946,135,4033,3946,86,3947,3946,1,4036,3946,90,3989,3946,43,3951,3946,5,3946,3946,0,4076,3946,130,3946,3946,0,3946,3946,0,3946,3946,0
183,3960,3960,0,3960,3960,0,3960,3960,0,3960,3960,0,3960,3960,0,3960,3960,0,3960,3960,0,3960,3960,0,3960,3960,0,3960,3960,0,3960,3960,0,3960,3960,0
184,3964,3964,0,3965,3964,1,3965,3964,0,3964,3964,0,3965,3964,0,3965,3964,0,3964,3964,0,3964,3964,0,3965,3964,1,3964,3964,0,3964,3964,0,3964,3964,0
185,3960,3960,0,3960,3960,0,3960,3960,0,3960,3960,0,3960,3960,0,3960,3960,0,3960,3960,0,3960,3960,0,3960,3960,0,3960,3960,0,3960,3960,0,3960,3960,0
186,5666,3926,1740,6536,3926,2610,3926,3926,0,4796,3926,870,5666,3926,1740,3926,3926,0,8086,3926,4160,6251,3926,2325,3926,3926,0,4701,3926,775,5476,3926,1550,3926,3926,0
187,3964,3964,0,3964,3964,0,3964,3964,0,3964,3964,0,3964,3964,0,3964,3964,0,3964,3964,0,3964,3964,0,3964,3964,0,3964,3964,0,3964,3964,0,3964,3964,0
188,5327,3906,1420,7184,3906,3277,4671,3906,764,4617,3906,710,6092,3906,2185,4288,3906,382,6516,3906,2609,4623,3906,717,5053,3906,1146,4145,3906,239,4384,3906,478,3906,3906,0
189,3964,3964,0,3964,3964,0,3964,3964,0,3964,3964,0,3964,3964,0,3964,3964,0,3964,3964,0,3964,3964,0,3964,3964,0,3964,3964,0,3964,3964,0,3964,3964,0
190,3962,3962,0,3962,3962,0,3962,3962,0,3962,3962,0,3962,3962,0,3962,3962,0,3973,3962,10,3978,3962,15,3962,3962,0,3967,3962,5,3973,3962,10,3962,3962,0
191,3964,3964,0,3964,3964,0,3964,3964,0,3964,3964,0,3964,3964,0,3964,3964,0,3964,3964,0,3964,3964,0,3964,3964,0,3964,3964,0,3964,3964,0,3964,3964,0
192,3966,3966,0,3966,3966,0,3966,3966,0,3966,3966,0,3966,3966,0,3966,3966,0,3966,3966,0,3966,3966,0,3966,3966,0,3966,3966,0,3966,3966,0,3966,3966,0
193,3964,3964,0,3964,3964,0,3964,3964,0,3964,3964,0,3964,3964,0,3964,3964,0,3964,3964,0,3964,3964,0,3964,3964,0,3964,3964,0,3964,3964,0,3964,3964,0
194,3989,3989,0,3989,3989,0,3989,3989,0,3989,3989,0,3989,3989,0,3989,3989,0,3989,3989,0,3989,3989,0,3989,3989,0,3989,3989,0,3989,3989,0,3989,3989,0
195,3964,3964,0,3964,3964,0,3964,3964,0,3964,3964,0,3964,3964,0,3964,3964,0,3964,3964,0,3964,3964,0,3964,3964,0,3964,3964,0,3964,3964,0,3964,3964,0
196,4764,3932,832,5354,3932,1422,4048,3932,116,4348,3932,416,4880,3932,948,3990,3932,58,5220,3932,1288,3991,3932,59,4106,3932,174,3951,3932,19,3971,3932,39,3932,3932,0
197,3974,3974,0,3974,3974,0,3974,3974,0,3974,3974,0,3974,3974,0,3974,3974,0,3974,3974,0,3974,3974,0,3974,3974,0,3974,3974,0,3974,3974,0,3974,3974,0
198,5153,3932,1221,7086,3932,3153,4814,3932,881,4543,3932,610,6035,3932,2102,4373,3932,440,5764,3932,1831,3932,3932,0,5254,3932,1322,3932,3932,0,3932,3932,0,3932,3932,0
199,3977,3977,0,3977,3977,0,3977,3977,0,3977,3977,0,3977,3977,0,3977,3977,0,3977,3977,0,3977,3977,0,3977,3977,0,3977,3977,0,3977,3977,0,3977,3977,0
200,3981,3981,0,3981,3981,0,3981,3981,0,3981,3981,0,3981,3981,0,3981,3981,0,3981,3981,0,3981,3981,0,3981,3981,0,3981,3981,0,3981,3981,0,3981,3981,0
201,3977,3977,0,3977,3977,0,3977,3977,0,3977,3977,0,3977,3977,0,3977,3977,0,3977,3977,0,3977,3977,0,3977,3977,0,3977,3977,0,3977,3977,0,3977,3977,0
202,3996,3996,0,3996,3996,0,3996,3996,0,3996,3996,0,3996,3996,0,3996,3996,0,3996,3996,0,3996,3996,0,3996,3996,0,3996,3996,0,3996,3996,0,3996,3996,0
203,3977,3977,0,3977,3977,0,3977,3977,0,3977,3977,0,3977,3977,0,3977,3977,0,3977,3977,0,3977,3977,0,3977,3977,0,3977,3977,0,3977,3977,0,3977,3977,0
204,3995,3995,0,3995,3995,0,3995,3995,0,3995,3995,0,3995,3995,0,3995,3995,0,3995,3995,0,3995,3995,0,3995,3995,0,3995,3995,0,3995,3995,0,3995,3995,0
205,3977,3977,0,3977,3977,0,3977,3977,0,3977,3977,0,3977,3977,0,3977,3977,0,3977,3977,0,3977,3977,0,3977,3977,0,3977,3977,0,3977,3977,0,3977,3977,0
206,4006,4006,0,4006,4006,0,4006,4006,0,4006,4006,0,4006,4006,0,4006,4006,0,4006,4006,0,4006,4006,0,4006,4006,0,4006,4006,0,4006,4006,0,4006,4006,0
207,3977,3977,0,3977,3977,0,3977,3977,0,3977,3977,0,3977,3977,0,3977,3977,0,3977,3977,0,3977,3977,0,3977,3977,0,3977,3977,0,3977,3977,0,3977,3977,0
208,3941,3941,0,5026,3941,1084,4664,3941,723,3941,3941,0,4664,3941,723,4303,3941,361,4053,3941,111,4108,3941,167,5026,3941,1084,3997,3941,55,4053,3941,111,3941,3941,0
209,3980,3980,0,3980,3980,0,3980,3980,0,3980,3980,0,3980,3980,0,3980,3980,0,3980,3980,0,3980,3980,0,3980,3980,0,3980,3980,0,3980,3980,0,3980,3980,0
210,4062,3921,140,4591,3921,669,4227,3921,305,3991,3921,70,4367,3921,446,4074,3921,152,4229,3921,307,4067,3921,145,4380,3921,458,3970,3921,48,4018,3921,97,3921,3921,0
211,3969,3969,0,3969,3969,0,3969,3969,0,3969,3969,0,3969,3969,0,3969,3969,0,3969,3969,0,3969,3969,0,3969,3969,0,3969,3969,0,3969,3969,0,3969,3969,0
212,3936,3936,0,6917,3936,2981,5923,3936,1987,3936,3936,0,5923,3936,1987,4930,3936,993,4354,3936,418,4564,3936,627,6917,3936,2981,4145,3936,209,4354,3936,418,3936,3936,0
213,3998,3998,0,3998,3998,0,3998,3998,0,3998,3998,0,3998,3998,0,3998,3998,0,3998,3998,0,3998,3998,0,3998,3998,0,3998,3998,0,3998,3998,0,3998,3998,0
214,3960,3960,0,4353,3960,392,4222,3960,261,3960,3960,0,4222,3960,261,4091,3960,130,3963,3960,3,3965,3960,4,4353,3960,392,3962,3960,1,3963,3960,3,3960,3960,0
215,3979,3979,0,3979,3979,0,3979,3979,0,3979,3979,0,3979,3979,0,3979,3979,0,3979,3979,0,3979,3979,0,3979,3979,0,3979,3979,0,3979,3979,0,3979,3979,0
216,4001,4001,0,4001,4001,0,4001,4001,0,4001,4001,0,4001,4001,0,4001,4001,0,4040,4001,38,4059,4001,57,4001,4001,0,4020,4001,19,4040,4001,38,4001,4001,0
217,3979,3979,0,3979,3979,0,3979,3979,0,3979,3979,0,3979,3979,0,3979,3979,0,3979,3979,0,3979,3979,0,3979,3979,0,3979,3979,0,3979,3979,0,3979,3979,0
218,3940,3940,0,4041,3940,100,4008,3940,67,3940,3940,0,4008,3940,67,3974,3940,33,4731,3940,790,5126,3940,1186,4041,3940,100,4336,3940,395,4731,3940,790,3940,3940,0
219,3964,3964,0,3964,3964,0,3964,3964,0,3964,3964,0,3964,3964,0,3964,3964,0,3967,3964,2,3969,3964,4,3964,3964,0,3966,3964,1,3967,3964,2,3964,3964,0
220,3999,3948,50,4520,3948,571,4279,3948,330,3973,3948,25,4329,3948,381,4113,3948,165,4024,3948,75,3948,3948,0,4444,3948,496,3948,3948,0,3948,3948,0,3948,3948,0
221,3973,3973,0,3973,3973,0,3973,3973,0,3973,3973,0,3973,3973,0,3973,3973,0,3973,3973,0,3973,3973,0,3973,3973,0,3973,3973,0,3973,3973,0,3973,3973,0
222,3925,3925,0,4604,3925,678,4378,3925,452,3925,3925,0,4378,3925,452,4151,3925,226,3950,3925,24,3963,3925,37,4604,3925,678,3938,3925,12,3950,3925,24,3925,3925,0
223,3948,3948,0,3948,3948,0,3948,3948,0,3948,3948,0,3948,3948,0,3948,3948,0,3951,3948,2,3952,3948,4,3948,3948,0,3949,3948,1,3951,3948,2,3948,3948,0
224,3957,3957,0,4005,3957,47,3989,3957,31,3957,3957,0,3989,3957,31,3973,3957,15,3957,3957,0,3957,3957,0,4005,3957,47,3957,3957,0,3957,3957,0,3957,3957,0
225,3948,3948,0,3948,3948,0,3948,3948,0,3948,3948,0,3948,3948,0,3948,3948,0,3951,3948,2,3952,3948,4,3948,3948,0,3949,3948,1,3951,3948,2,3948,3948,0
226,6733,3900,2832,12713,3900,8813,6943,3900,3042,5317,3900,1416,9776,3900,5875,5422,3900,1521,8149,3900,4248,3900,3900,0,8465,3900,4564,3900,3900,0,3900,3900,0,3900,3900,0
227,3970,3970,0,3970,3970,0,3970,3970,0,3970,3970,0,3970,3970,0,3970,3970,0,3970,3970,0,3970,3970,0,3970,3970,0,3970,3970,0,3970,3970,0,3970,3970,0
228,4388,3895,493,7121,3895,3225,5552,3895,1656,4142,3895,246,6045,3895,2150,4723,3895,828,4698,3895,803,3989,3895,93,6380,3895,2485,3926,3895,31,3957,3895,62,3895,3895,0
229,3956,3956,0,3956,3956,0,3956,3956,0,3956,3956,0,3956,3956,0,3956,3956,0,3956,3956,0,3956,3956,0,3956,3956,0,3956,3956,0,3956,3956,0,3956,3956,0
230,3928,3928,0,4945,3928,1017,4606,3928,678,3928,3928,0,4606,3928,678,4267,3928,339,3928,3928,0,3928,3928,0,4945,3928,1017,3928,3928,0,3928,3928,0,3928,3928,0
231,3949,3949,0,3949,3949,0,3949,3949,0,3949,3949,0,3949,3949,0,3949,3949,0,3949,3949,0,3949,3949,0,3949,3949,0,3949,3949,0,3949,3949,0,3949,3949,0
232,3992,3902,90,4357,3902,455,4115,3902,213,3947,3902,45,4205,3902,303,4008,3902,106,4652,3902,750,4823,3902,920,4221,3902,319,4209,3902,306,4516,3902,613,3902,3902,0
233,3936,3936,0,3947,3936,10,3944,3936,7,3936,3936,0,3944,3936,7,3940,3936,3,3936,3936,0,3936,3936,0,3947,3936,10,3936,3936,0,3936,3936,0,3936,3936,0
234,4186,3917,269,4482,3917,565,4024,3917,107,4051,3917,134,4293,3917,376,3970,3917,53,4321,3917,404,3917,3917,0,4078,3917,161,3917,3917,0,3917,3917,0,3917,3917,0
235,3930,3930,0,4008,3930,78,3982,3930,52,3930,3930,0,3982,3930,52,3956,3930,26,3930,3930,0,3930,3930,0,4008,3930,78,3930,3930,0,3930,3930,0,3930,3930,0
236,4379,3929,450,4800,3929,871,4059,3929,130,4154,3929,225,4509,3929,580,3994,3929,65,4604,3929,675,3929,3929,0,4124,3929,195,3929,3929,0,3929,3929,0,3929,3929,0
237,3944,3944,0,3989,3944,45,3974,3944,30,3944,3944,0,3974,3944,30,3959,3944,15,3944,3944,0,3944,3944,0,3989,3944,45,3944,3944,0,3944,3944,0,3944,3944,0
238,4224,3920,303,5321,3920,1400,4551,3920,630,4072,3920,151,4854,3920,933,4235,3920,315,4375,3920,454,3920,3920,0,4866,3920,945,3920,3920,0,3920,3920,0,3920,3920,0
239,3945,3945,0,4040,3945,95,4008,3945,63,3945,3945,0,4008,3945,63,3976,3945,31,3945,3945,0,3945,3945,0,4040,3945,95,3945,3945,0,3945,3945,0,3945,3945,0
240,4165,3942,223,4277,3942,334,3942,3942,0,4054,3942,111,4165,3942,223,3942,3942,0,4277,3942,334,3942,3942,0,3942,3942,0,3942,3942,0,3942,3942,0,3942,3942,0
241,3967,3967,0,3967,3967,0,3967,3967,0,3967,3967,0,3967,3967,0,3967,3967,0,3967,3967,0,3967,3967,0,3967,3967,0,3967,3967,0,3967,3967,0,3967,3967,0
242,4004,4004,0,4004,4004,0,4004,4004,0,4004,4004,0,4004,4004,0,4004,4004,0,4004,4004,0,4004,4004,0,4004,4004,0,4004,4004,0,4004,4004,0,4004,4004,0
243,3967,3967,0,3967,3967,0,3967,3967,0,3967,3967,0,3967,3967,0,3967,3967,0,3967,3967,0,3967,3967,0,3967,3967,0,3967,3967,0,3967,3967,0,3967,3967,0
244,6796,3919,2876,8556,3919,4636,4134,3919,214,5358,3919,1438,7010,3919,3090,4026,3919,107,8235,3919,4315,3919,3919,0,4241,3919,321,3919,3919,0,3919,3919,0,3919,3919,0
245,3962,3962,0,3962,3962,0,3962,3962,0,3962,3962,0,3962,3962,0,3962,3962,0,3962,3962,0,3962,3962,0,3962,3962,0,3962,3962,0,3962,3962,0,3962,3962,0
246,3954,3954,0,3954,3954,0,3954,3954,0,3954,3954,0,3954,3954,0,3954,3954,0,3954,3954,0,3954,3954,0,3954,3954,0,3954,3954,0,3954,3954,0,3954,3954,0
247,3954,3954,0,3954,3954,0,3954,3954,0,3954,3954,0,3954,3954,0,3954,3954,0,3954,3954,0,3954,3954,0,3954,3954,0,3954,3954,0,3954,3954,0,3954,3954,0
248,6125,3918,2206,7388,3918,3469,4025,3918,106,5022,3918,1103,6231,3918,2313,3971,3918,53,7229,3918,3310,3918,3918,0,4078,3918,159,3918,3918,0,3918,3918,0,3918,3918,0
249,3956,3956,0,3956,3956,0,3956,3956,0,3956,3956,0,3956,3956,0,3956,3956,0,3956,3956,0,3956,3956,0,3956,3956,0,3956,3956,0,3956,3956,0,3956,3956,0
250,3971,3971,0,3971,3971,0,3971,3971,0,3971,3971,0,3971,3971,0,3971,3971,0,3971,3971,0,3971,3971,0,3971,3971,0,3971,3971,0,3971,3971,0,3971,3971,0
251,3956,3956,0,3956,3956,0,3956,3956,0,3956,3956,0,3956,3956,0,3956,3956,0,3956,3956,0,3956,3956,0,3956,3956,0,3956,3956,0,3956,3956,0,3956,3956,0
252,3975,3975,0,3975,3975,0,3975,3975,0,3975,3975,0,3975,3975,0,3975,3975,0,3975,3975,0,3975,3975,0,3975,3975,0,3975,3975,0,3975,3975,0,3975,3975,0
253,3956,3956,0,3956,3956,0,3956,3956,0,3956,3956,0,3956,3956,0,3956,3956,0,3956,3956,0,3956,3956,0,3956,3956,0,3956,3956,0,3956,3956,0,3956,3956,0
254,3979,3979,0,3979,3979,0,3979,3979,0,3979,3979,0,3979,3979,0,3979,3979,0,3979,3979,0,3979,3979,0,3979,3979,0,3979,3979,0,3979,3979,0,3979,3979,0
255,3956,3956,0,3956,3956,0,3956,3956,0,3956,3956,0,3956,3956,0,3956,3956,0,3956,3956,0,3956,3956,0,3956,3956,0,3956,3956,0,3956,3956,0,3956,3956,0
256,3948,3948,0,3948,3948,0,3948,3948,0,3948,3948,0,3948,3948,0,3948,3948,0,3948,3948,0,3948,3948,0,3948,3948,0,3948,3948,0,3948,3948,0,3948,3948,0
257,3948,3948,0,3948,3948,0,3948,3948,0,3948,3948,0,3948,3948,0,3948,3948,0,3948,3948,0,3948,3948,0,3948,3948,0,3948,3948,0,3948,3948,0,3948,3948,0
258,3984,3913,71,4020,3913,106,3913,3913,0,3949,3913,35,3984,3913,71,3913,3913,0,4133,3913,219,4082,3913,168,3913,3913,0,3970,3913,56,4026,3913,112,3913,3913,0
259,3939,3939,0,3939,3939,0,3939,3939,0,3939,3939,0,3939,3939,0,3939,3939,0,3939,3939,0,3939,3939,0,3939,3939,0,3939,3939,0,3939,3939,0,3939,3939,0
260,3939,3939,0,3958,3939,18,3952,3939,12,3939,3939,0,3952,3939,12,3945,3939,6,3939,3939,0,3939,3939,0,3958,3939,18,3939,3939,0,3939,3939,0,3939,3939,0
261,3952,3952,0,3952,3952,0,3952,3952,0,3952,3952,0,3952,3952,0,3952,3952,0,3952,3952,0,3952,3952,0,3952,3952,0,3952,3952,0,3952,3952,0,3952,3952,0
262,3941,3941,0,3941,3941,0,3941,3941,0,3941,3941,0,3941,3941,0,3941,3941,0,3941,3941,0,3941,3941,0,3941,3941,0,3941,3941,0,3941,3941,0,3941,3941,0
263,3941,3941,0,3941,3941,0,3941,3941,0,3941,3941,0,3941,3941,0,3941,3941,0,3941,3941,0,3941,3941,0,3941,3941,0,3941,3941,0,3941,3941,0,3941,3941,0
264,3917,3917,0,4009,3917,92,3978,3917,61,3917,3917,0,3978,3917,61,3948,3917,30,3944,3917,27,3958,3917,40,4009,3917,92,3930,3917,13,3944,3917,27,3917,3917,0
265,3936,3936,0,3936,3936,0,3936,3936,0,3936,3936,0,3936,3936,0,3936,3936,0,3936,3936,0,3936,3936,0,3936,3936,0,3936,3936,0,3936,3936,0,3936,3936,0
266,3902,3902,0,3902,3902,0,3902,3902,0,3902,3902,0,3902,3902,0,3902,3902,0,4208,3902,306,4362,3902,459,3902,3902,0,4055,3902,153,4208,3902,306,3902,3902,0
267,3909,3909,0,3909,3909,0,3909,3909,0,3909,3909,0,3909,3909,0,3909,3909,0,3945,3909,35,3962,3909,53,3909,3909,0,3927,3909,17,3945,3909,35,3909,3909,0
268,3920,3920,0,4847,3920,926,4538,3920,617,3920,3920,0,4538,3920,617,4229,3920,308,3920,3920,0,3920,3920,0,4847,3920,926,3920,3920,0,3920,3920,0,3920,3920,0
269,3927,3927,0,3927,3927,0,3927,3927,0,3927,3927,0,3927,3927,0,3927,3927,0,3927,3927,0,3927,3927,0,3927,3927,0,3927,3927,0,3927,3927,0,3927,3927,0
270,3927,3927,0,3927,3927,0,3927,3927,0,3927,3927,0,3927,3927,0,3927,3927,0,3933,3927,5,3935,3927,8,3927,3927,0,3930,3927,2,3933,3927,5,3927,3927,0
271,3945,3945,0,3945,3945,0,3945,3945,0,3945,3945,0,3945,3945,0,3945,3945,0,3945,3945,0,3945,3945,0,3945,3945,0,3945,3945,0,3945,3945,0,3945,3945,0
272,3945,3945,0,3945,3945,0,3945,3945,0,3945,3945,0,3945,3945,0,3945,3945,0,3945,3945,0,3945,3945,0,3945,3945,0,3945,3945,0,3945,3945,0,3945,3945,0
273,3945,3945,0,3945,3945,0,3945,3945,0,3945,3945,0,3945,3945,0,3945,3945,0,3945,3945,0,3945,3945,0,3945,3945,0,3945,3945,0,3945,3945,0,3945,3945,0
274,3948,3948,0,3948,3948,0,3948,3948,0,3948,3948,0,3948,3948,0,3948,3948,0,3948,3948,0,3948,3948,0,3948,3948,0,3948,3948,0,3948,3948,0,3948,3948,0
275,3945,3945,0,3945,3945,0,3945,3945,0,3945,3945,0,3945,3945,0,3945,3945,0,3945,3945,0,3945,3945,0,3945,3945,0,3945,3945,0,3945,3945,0,3945,3945,0
276,3916,3916,0,5436,3916,1520,4929,3916,1013,3916,3916,0,4929,3916,1013,4423,3916,506,3916,3916,0,3916,3916,0,5436,3916,1520,3916,3916,0,3916,3916,0,3916,3916,0
277,3931,3931,0,3931,3931,0,3931,3931,0,3931,3931,0,3931,3931,0,3931,3931,0,3931,3931,0,3931,3931,0,3931,3931,0,3931,3931,0,3931,3931,0,3931,3931,0
278,3897,3897,0,4739,3897,842,4458,3897,561,3897,3897,0,4458,3897,561,4177,3897,280,4129,3897,232,4246,3897,349,4739,3897,842,4013,3897,116,4129,3897,232,3897,3897,0
279,3916,3916,0,3925,3916,9,3922,3916,6,3916,3916,0,3922,3916,6,3919,3916,3,3916,3916,0,3916,3916,0,3925,3916,9,3916,3916,0,3916,3916,0,3916,3916,0
280,3909,3909,0,4795,3909,886,4500,3909,590,3909,3909,0,4500,3909,590,4204,3909,295,3909,3909,0,3909,3909,0,4795,3909,886,3909,3909,0,3909,3909,0,3909,3909,0
281,3920,3920,0,3928,3920,7,3925,3920,5,3920,3920,0,3925,3920,5,3923,3920,2,3920,3920,0,3920,3920,0,3928,3920,7,3920,3920,0,3920,3920,0,3920,3920,0
282,3926,3926,0,3926,3926,0,3926,3926,0,3926,3926,0,3926,3926,0,3926,3926,0,3926,3926,0,3926,3926,0,3926,3926,0,3926,3926,0,3926,3926,0,3926,3926,0
283,3915,3915,0,3956,3915,40,3942,3915,26,3915,3915,0,3942,3915,26,3929,3915,13,3915,3915,0,3915,3915,0,3956,3915,40,3915,3915,0,3915,3915,0,3915,3915,0
284,3884,3884,0,4463,3884,578,4270,3884,385,3884,3884,0,4270,3884,385,4077,3884,192,3921,3884,37,3940,3884,55,4463,3884,578,3903,3884,18,3921,3884,37,3884,3884,0
285,3892,3892,0,4086,3892,194,4021,3892,129,3892,3892,0,4021,3892,129,3957,3892,64,3973,3892,80,4013,3892,121,4086,3892,194,3932,3892,40,3973,3892,80,3892,3892,0
286,3917,3917,0,3917,3917,0,3917,3917,0,3917,3917,0,3917,3917,0,3917,3917,0,3917,3917,0,3917,3917,0,3917,3917,0,3917,3917,0,3917,3917,0,3917,3917,0
287,3925,3925,0,3925,3925,0,3925,3925,0,3925,3925,0,3925,3925,0,3925,3925,0,3925,3925,0,3925,3925,0,3925,3925,0,3925,3925,0,3925,3925,0,3925,3925,0
288,3927,3927,0,3927,3927,0,3927,3927,0,3927,3927,0,3927,3927,0,3927,3927,0,3927,3927,0,3927,3927,0,3927,3927,0,3927,3927,0,3927,3927,0,3927,3927,0
289,3925,3925,0,3925,3925,0,3925,3925,0,3925,3925,0,3925,3925,0,3925,3925,0,3925,3925,0,3925,3925,0,3925,3925,0,3925,3925,0,3925,3925,0,3925,3925,0
290,3913,3913,0,4184,3913,270,4094,3913,180,3913,3913,0,4094,3913,180,4003,3913,90,3913,3913,0,3913,3913,0,4184,3913,270,3913,3913,0,3913,3913,0,3913,3913,0
291,3932,3932,0,3932,3932,0,3932,3932,0,3932,3932,0,3932,3932,0,3932,3932,0,3932,3932,0,3932,3932,0,3932,3932,0,3932,3932,0,3932,3932,0,3932,3932,0
292,3927,3927,0,4088,3927,161,4035,3927,107,3927,3927,0,4035,3927,107,3981,3927,53,3927,3927,0,3927,3927,0,4088,3927,161,3927,3927,0,3927,3927,0,3927,3927,0
293,3937,3937,0,3937,3937,0,3937,3937,0,3937,3937,0,3937,3937,0,3937,3937,0,3937,3937,0,3937,3937,0,3937,3937,0,3937,3937,0,3937,3937,0,3937,3937,0
294,3934,3934,0,4133,3934,198,4067,3934,132,3934,3934,0,4067,3934,132,4000,3934,66,3934,3934,0,3934,3934,0,4133,3934,198,3934,3934,0,3934,3934,0,3934,3934,0
295,3949,3949,0,3949,3949,0,3949,3949,0,3949,3949,0,3949,3949,0,3949,3949,0,3949,3949,0,3949,3949,0,3949,3949,0,3949,3949,0,3949,3949,0,3949,3949,0
296,3943,3943,0,3943,3943,0,3943,3943,0,3943,3943,0,3943,3943,0,3943,3943,0,3943,3943,0,3943,3943,0,3943,3943,0,3943,3943,0,3943,3943,0,3943,3943,0
297,3943,3943,0,3943,3943,0,3943,3943,0,3943,3943,0,3943,3943,0,3943,3943,0,3943,3943,0,3943,3943,0,3943,3943,0,3943,3943,0,3943,3943,0,3943,3943,0
298,3947,3901,45,3978,3901,76,3907,3901,6,3924,3901,22,3953,3901,51,3904,3901,3,3969,3901,67,3901,3901,0,3911,3901,9,3901,3901,0,3901,3901,0,3901,3901,0
299,3914,3914,0,3914,3914,0,3914,3914,0,3914,3914,0,3914,3914,0,3914,3914,0,3914,3914,0,3914,3914,0,3914,3914,0,3914,3914,0,3914,3914,0,3914,3914,0
300,5674,3863,1810,7524,3863,3660,4493,3863,629,4769,3863,905,6304,3863,2440,4178,3863,314,6579,3863,2716,3863,3863,0,4807,3863,944,3863,3863,0,3863,3863,0,3863,3863,0
301,3899,3899,0,3899,3899,0,3899,3899,0,3899,3899,0,3899,3899,0,3899,3899,0,3899,3899,0,3899,3899,0,3899,3899,0,3899,3899,0,3899,3899,0,3899,3899,0
302,6167,3871,2296,7902,3871,4031,4263,3871,391,5019,3871,1148,6559,3871,2687,4067,3871,195,7315,3871,3444,3871,3871,0,4458,3871,587,3871,3871,0,3871,3871,0,3871,3871,0
303,3902,3902,0,3902,3902,0,3902,3902,0,3902,3902,0,3902,3902,0,3902,3902,0,3902,3902,0,3902,3902,0,3902,3902,0,3902,3902,0,3902,3902,0,3902,3902,0
304,5065,3858,1206,5945,3858,2086,4043,3858,184,4461,3858,603,5249,3858,1391,3951,3858,92,5710,3858,1852,3922,3858,63,4135,3858,277,3879,3858,21,3901,3858,42,3858,3858,0
305,3897,3897,0,3897,3897,0,3897,3897,0,3897,3897,0,3897,3897,0,3897,3897,0,3897,3897,0,3897,3897,0,3897,3897,0,3897,3897,0,3897,3897,0,3897,3897,0
306,3916,3916,0,3916,3916,0,3916,3916,0,3916,3916,0,3916,3916,0,3916,3916,0,3916,3916,0,3916,3916,0,3916,3916,0,3916,3916,0,3916,3916,0,3916,3916,0
307,3897,3897,0,3897,3897,0,3897,3897,0,3897,3897,0,3897,3897,0,3897,3897,0,3897,3897,0,3897,3897,0,3897,3897,0,3897,3897,0,3897,3897,0,3897,3897,0
308,3893,3893,0,4043,3893,150,3993,3893,100,3893,3893,0,3993,3893,100,3943,3893,50,3905,3893,12,3912,3893,18,4043,3893,150,3899,3893,6,3905,3893,12,3893,3893,0
309,3914,3914,0,3914,3914,0,3914,3914,0,3914,3914,0,3914,3914,0,3914,3914,0,3914,3914,0,3914,3914,0,3914,3914,0,3914,3914,0,3914,3914,0,3914,3914,0
310,4143,3881,261,4273,3881,391,3881,3881,0,4012,3881,130,4143,3881,261,3881,3881,0,4818,3881,937,4699,3881,817,3881,3881,0,4154,3881,272,4426,3881,545,3881,3881,0
311,3922,3922,0,3922,3922,0,3922,3922,0,3922,3922,0,3922,3922,0,3922,3922,0,3922,3922,0,3922,3922,0,3922,3922,0,3922,3922,0,3922,3922,0,3922,3922,0
312,3904,3904,0,3904,3904,0,3904,3904,0,3904,3904,0,3904,3904,0,3904,3904,0,3904,3904,0,3904,3904,0,3904,3904,0,3904,3904,0,3904,3904,0,3904,3904,0
313,3904,3904,0,3904,3904,0,3904,3904,0,3904,3904,0,3904,3904,0,3904,3904,0,3904,3904,0,3904,3904,0,3904,3904,0,3904,3904,0,3904,3904,0,3904,3904,0
314,3899,3899,0,4085,3899,186,4023,3899,124,3899,3899,0,4023,3899,124,3961,3899,62,3899,3899,0,3899,3899,0,4085,3899,186,3899,3899,0,3899,3899,0,3899,3899,0
315,3909,3909,0,3909,3909,0,3909,3909,0,3909,3909,0,3909,3909,0,3909,3909,0,3909,3909,0,3909,3909,0,3909,3909,0,3909,3909,0,3909,3909,0,3909,3909,0
316,3850,3850,0,5782,3850,1931,5138,3850,1287,3850,3850,0,5138,3850,1287,4494,3850,643,5823,3850,1972,6809,3850,2958,5782,3850,1931,4836,3850,986,5823,3850,1972,3850,3850,0
317,3900,3900,0,3900,3900,0,3900,3900,0,3900,3900,0,3900,3900,0,3900,3900,0,3902,3900,2,3903,3900,3,3900,3900,0,3901,3900,1,3902,3900,2,3900,3900,0
318,5534,3873,1661,7476,3873,3603,4614,3873,740,4704,3873,830,6275,3873,2402,4243,3873,370,6365,3873,2491,3873,3873,0,4984,3873,1111,3873,3873,0,3873,3873,0,3873,3873,0
319,3919,3919,0,3919,3919,0,3919,3919,0,3919,3919,0,3919,3919,0,3919,3919,0,3919,3919,0,3919,3919,0,3919,3919,0,3919,3919,0,3919,3919,0,3919,3919,0
320,4182,3870,312,5806,3870,1936,4848,3870,978,4026,3870,156,5161,3870,1290,4359,3870,489,4338,3870,468,3870,3870,0,5338,3870,1467,3870,3870,0,3870,3870,0,3870,3870,0
321,3925,3925,0,3925,3925,0,3925,3925,0,3925,3925,0,3925,3925,0,3925,3925,0,3925,3925,0,3925,3925,0,3925,3925,0,3925,3925,0,3925,3925,0,3925,3925,0
322,3904,3904,0,4059,3904,154,4007,3904,103,3904,3904,0,4007,3904,103,3955,3904,51,3904,3904,0,3904,3904,0,4059,3904,154,3904,3904,0,3904,3904,0,3904,3904,0
323,3913,3913,0,3913,3913,0,3913,3913,0,3913,3913,0,3913,3913,0,3913,3913,0,3913,3913,0,3913,3913,0,3913,3913,0,3913,3913,0,3913,3913,0,3913,3913,0
324,3889,3889,0,5147,3889,1257,4727,3889,838,3889,3889,0,4727,3889,838,4308,3889,419,3889,3889,0,3889,3889,0,5147,3889,1257,3889,3889,0,3889,3889,0,3889,3889,0
325,3915,3915,0,3915,3915,0,3915,3915,0,3915,3915,0,3915,3915,0,3915,3915,0,3915,3915,0,3915,3915,0,3915,3915,0,3915,3915,0,3915,3915,0,3915,3915,0
326,3918,3918,0,3918,3918,0,3918,3918,0,3918,3918,0,3918,3918,0,3918,3918,0,3918,3918,0,3918,3918,0,3918,3918,0,3918,3918,0,3918,3918,0,3918,3918,0
327,3915,3915,0,3915,3915,0,3915,3915,0,3915,3915,0,3915,3915,0,3915,3915,0,3915,3915,0,3915,3915,0,3915,3915,0,3915,3915,0,3915,3915,0,3915,3915,0
328,3900,3900,0,3900,3900,0,3900,3900,0,3900,3900,0,3900,3900,0,3900,3900,0,3900,3900,0,3900,3900,0,3900,3900,0,3900,3900,0,3900,3900,0,3900,3900,0
329,3900,3900,0,3900,3900,0,3900,3900,0,3900,3900,0,3900,3900,0,3900,3900,0,3900,3900,0,3900,3900,0,3900,3900,0,3900,3900,0,3900,3900,0,3900,3900,0
330,3876,3876,0,4087,3876,210,4016,3876,140,3876,3876,0,4016,3876,140,3946,3876,70,4559,3876,683,4901,3876,1025,4087,3876,210,4218,3876,341,4559,3876,683,3876,3876,0
331,3906,3906,0,3906,3906,0,3906,3906,0,3906,3906,0,3906,3906,0,3906,3906,0,3906,3906,0,3906,3906,0,3906,3906,0,3906,3906,0,3906,3906,0,3906,3906,0
332,3915,3915,0,3915,3915,0,3915,3915,0,3915,3915,0,3915,3915,0,3915,3915,0,3915,3915,0,3915,3915,0,3915,3915,0,3915,3915,0,3915,3915,0,3915,3915,0
333,3906,3906,0,3906,3906,0,3906,3906,0,3906,3906,0,3906,3906,0,3906,3906,0,3906,3906,0,3906,3906,0,3906,3906,0,3906,3906,0,3906,3906,0,3906,3906,0
334,4043,3882,161,4124,3882,242,3882,3882,0,3963,3882,80,4043,3882,161,3882,3882,0,4893,3882,1011,5035,3882,1153,3882,3882,0,4266,3882,384,4651,3882,768,3882,3882,0
335,3921,3921,0,3921,3921,0,3921,3921,0,3921,3921,0,3921,3921,0,3921,3921,0,3921,3921,0,3921,3921,0,3921,3921,0,3921,3921,0,3921,3921,0,3921,3921,0
336,3897,3897,0,3897,3897,0,3897,3897,0,3897,3897,0,3897,3897,0,3897,3897,0,4370,3897,472,4606,3897,709,3897,3897,0,4133,3897,236,4370,3897,472,3897,3897,0
337,3914,3914,0,3914,3914,0,3914,3914,0,3914,3914,0,3914,3914,0,3914,3914,0,3914,3914,0,3914,3914,0,3914,3914,0,3914,3914,0,3914,3914,0,3914,3914,0
338,3898,3898,0,3898,3898,0,3898,3898,0,3898,3898,0,3898,3898,0,3898,3898,0,4676,3898,778,5066,3898,1167,3898,3898,0,4287,3898,389,4676,3898,778,3898,3898,0
339,3916,3916,0,3916,3916,0,3916,3916,0,3916,3916,0,3916,3916,0,3916,3916,0,3916,3916,0,3916,3916,0,3916,3916,0,3916,3916,0,3916,3916,0,3916,3916,0
340,3924,3924,0,3924,3924,0,3924,3924,0,3924,3924,0,3924,3924,0,3924,3924,0,3924,3924,0,3924,3924,0,3924,3924,0,3924,3924,0,3924,3924,0,3924,3924,0
341,3916,3916,0,3916,3916,0,3916,3916,0,3916,3916,0,3916,3916,0,3916,3916,0,3916,3916,0,3916,3916,0,3916,3916,0,3916,3916,0,3916,3916,0,3916,3916,0
342,3911,3911,0,3911,3911,0,3911,3911,0,3911,3911,0,3911,3911,0,3911,3911,0,3911,3911,0,3911,3911,0,3911,3911,0,3911,3911,0,3911,3911,0,3911,3911,0
343,3911,3911,0,3911,3911,0,3911,3911,0,3911,3911,0,3911,3911,0,3911,3911,0,3911,3911,0,3911,3911,0,3911,3911,0,3911,3911,0,3911,3911,0,3911,3911,0
344,3888,3888,0,3888,3888,0,3888,3888,0,3888,3888,0,3888,3888,0,3888,3888,0,3990,3888,101,4041,3888,152,3888,3888,0,3939,3888,50,3990,3888,101,3888,3888,0
345,3895,3895,0,3895,3895,0,3895,3895,0,3895,3895,0,3895,3895,0,3895,3895,0,3895,3895,0,3895,3895,0,3895,3895,0,3895,3895,0,3895,3895,0,3895,3895,0
346,5025,3861,1164,5851,3861,1990,4024,3861,162,4443,3861,582,5188,3861,1326,3942,3861,81,5607,3861,1746,3861,3861,0,4105,3861,244,3861,3861,0,3861,3861,0,3861,3861,0
347,3904,3904,0,3904,3904,0,3904,3904,0,3904,3904,0,3904,3904,0,3904,3904,0,3904,3904,0,3904,3904,0,3904,3904,0,3904,3904,0,3904,3904,0,3904,3904,0
348,5790,3861,1928,6815,3861,2953,3902,3861,40,4826,3861,964,5831,3861,1969,3882,3861,20,6755,3861,2893,3861,3861,0,3922,3861,60,3861,3861,0,3861,3861,0,3861,3861,0
349,3907,3907,0,3907,3907,0,3907,3907,0,3907,3907,0,3907,3907,0,3907,3907,0,3907,3907,0,3907,3907,0,3907,3907,0,3907,3907,0,3907,3907,0,3907,3907,0
350,3888,3888,0,4101,3888,213,4030,3888,142,3888,3888,0,4030,3888,142,3959,3888,71,3888,3888,0,3888,3888,0,4101,3888,213,3888,3888,0,3888,3888,0,3888,3888,0
351,3900,3900,0,3900,3900,0,3900,3900,0,3900,3900,0,3900,3900,0,3900,3900,0,3900,3900,0,3900,3900,0,3900,3900,0,3900,3900,0,3900,3900,0,3900,3900,0
352,3919,3919,0,4031,3919,111,3994,3919,74,3919,3919,0,3994,3919,74,3957,3919,37,3919,3919,0,3919,3919,0,4031,3919,111,3919,3919,0,3919,3919,0,3919,3919,0
353,3900,3900,0,3900,3900,0,3900,3900,0,3900,3900,0,3900,3900,0,3900,3900,0,3900,3900,0,3900,3900,0,3900,3900,0,3900,3900,0,3900,3900,0,3900,3900,0
354,3905,3905,0,3905,3905,0,3905,3905,0,3905,3905,0,3905,3905,0,3905,3905,0,3905,3905,0,3905,3905,0,3905,3905,0,3905,3905,0,3905,3905,0,3905,3905,0
355,3900,3900,0,3900,3900,0,3900,3900,0,3900,3900,0,3900,3900,0,3900,3900,0,3900,3900,0,3900,3900,0,3900,3900,0,3900,3900,0,3900,3900,0,3900,3900,0
356,7937,3860,4076,11821,3860,7960,5091,3860,1230,5898,3860,2038,9167,3860,5307,4475,3860,615,9975,3860,6114,3860,3860,0,5706,3860,1846,3860,3860,0,3860,3860,0,3860,3860,0
357,3901,3901,0,3901,3901,0,3901,3901,0,3901,3901,0,3901,3901,0,3901,3901,0,3901,3901,0,3901,3901,0,3901,3901,0,3901,3901,0,3901,3901,0,3901,3901,0
358,3910,3910,0,3910,3910,0,3910,3910,0,3910,3910,0,3910,3910,0,3910,3910,0,3910,3910,0,3910,3910,0,3910,3910,0,3910,3910,0,3910,3910,0,3910,3910,0
359,3901,3901,0,3901,3901,0,3901,3901,0,3901,3901,0,3901,3901,0,3901,3901,0,3901,3901,0,3901,3901,0,3901,3901,0,3901,3901,0,3901,3901,0,3901,3901,0
360,3897,3897,0,4334,3897,437,4188,3897,291,3897,3897,0,4188,3897,291,4042,3897,145,3897,3897,0,3897,3897,0,4334,3897,437,3897,3897,0,3897,3897,0,3897,3897,0
361,3909,3909,0,3909,3909,0,3909,3909,0,3909,3909,0,3909,3909,0,3909,3909,0,3909,3909,0,3909,3909,0,3909,3909,0,3909,3909,0,3909,3909,0,3909,3909,0
362,5605,3879,1726,6469,3879,2589,3879,3879,0,4742,3879,863,5605,3879,1726,3879,3879,0,6469,3879,2589,3879,3879,0,3879,3879,0,3879,3879,0,3879,3879,0,3879,3879,0
363,3923,3923,0,3923,3923,0,3923,3923,0,3923,3923,0,3923,3923,0,3923,3923,0,3923,3923,0,3923,3923,0,3923,3923,0,3923,3923,0,3923,3923,0,3923,3923,0
364,3908,3908,0,3908,3908,0,3908,3908,0,3908,3908,0,3908,3908,0,3908,3908,0,3908,3908,0,3908,3908,0,3908,3908,0,3908,3908,0,3908,3908,0,3908,3908,0
365,3908,3908,0,3908,3908,0,3908,3908,0,3908,3908,0,3908,3908,0,3908,3908,0,3908,3908,0,3908,3908,0,3908,3908,0,3908,3908,0,3908,3908,0,3908,3908,0
366,3922,3922,0,3922,3922,0,3922,3922,0,3922,3922,0,3922,3922,0,3922,3922,0,3922,3922,0,3922,3922,0,3922,3922,0,3922,3922,0,3922,3922,0,3922,3922,0
367,3908,3908,0,3908,3908,0,3908,3908,0,3908,3908,0,3908,3908,0,3908,3908,0,3908,3908,0,3908,3908,0,3908,3908,0,3908,3908,0,3908,3908,0,3908,3908,0
368,3894,3894,0,3894,3894,0,3894,3894,0,3894,3894,0,3894,3894,0,3894,3894,0,3894,3894,0,3894,3894,0,3894,3894,0,3894,3894,0,3894,3894,0,3894,3894,0
369,3894,3894,0,3894,3894,0,3894,3894,0,3894,3894,0,3894,3894,0,3894,3894,0,3894,3894,0,3894,3894,0,3894,3894,0,3894,3894,0,3894,3894,0,3894,3894,0
370,3876,3876,0,3876,3876,0,3876,3876,0,3876,3876,0,3876,3876,0,3876,3876,0,4944,3876,1067,5478,3876,1601,3876,3876,0,4410,3876,533,4944,3876,1067,3876,3876,0
371,3894,3894,0,3894,3894,0,3894,3894,0,3894,3894,0,3894,3894,0,3894,3894,0,3894,3894,0,3894,3894,0,3894,3894,0,3894,3894,0,3894,3894,0,3894,3894,0
372,5123,3869,1253,5750,3869,1880,3869,3869,0,4496,3869,626,5123,3869,1253,3869,3869,0,5750,3869,1880,3869,3869,0,3869,3869,0,3869,3869,0,3869,3869,0,3869,3869,0
373,3901,3901,0,3901,3901,0,3901,3901,0,3901,3901,0,3901,3901,0,3901,3901,0,3901,3901,0,3901,3901,0,3901,3901,0,3901,3901,0,3901,3901,0,3901,3901,0
374,3889,3889,0,4056,3889,167,4000,3889,111,3889,3889,0,4000,3889,111,3944,3889,55,3889,3889,0,3889,3889,0,4056,3889,167,3889,3889,0,3889,3889,0,3889,3889,0
375,3902,3902,0,3902,3902,0,3902,3902,0,3902,3902,0,3902,3902,0,3902,3902,0,3902,3902,0,3902,3902,0,3902,3902,0,3902,3902,0,3902,3902,0,3902,3902,0
376,3902,3902,0,3902,3902,0,3902,3902,0,3902,3902,0,3902,3902,0,3902,3902,0,3902,3902,0,3902,3902,0,3902,3902,0,3902,3902,0,3902,3902,0,3902,3902,0
377,3902,3902,0,3902,3902,0,3902,3902,0,3902,3902,0,3902,3902,0,3902,3902,0,3902,3902,0,3902,3902,0,3902,3902,0,3902,3902,0,3902,3902,0,3902,3902,0
378,4085,3889,196,4183,3889,294,3889,3889,0,3987,3889,98,4085,3889,196,3889,3889,0,4183,3889,294,3889,3889,0,3889,3889,0,3889,3889,0,3889,3889,0,3889,3889,0
379,3904,3904,0,3904,3904,0,3904,3904,0,3904,3904,0,3904,3904,0,3904,3904,0,3904,3904,0,3904,3904,0,3904,3904,0,3904,3904,0,3904,3904,0,3904,3904,0
380,7590,3847,3742,9461,3847,5613,3847,3847,0,5718,3847,1871,7590,3847,3742,3847,3847,0,9718,3847,5871,4233,3847,386,3847,3847,0,3976,3847,128,4104,3847,257,3847,3847,0
381,3912,3912,0,3912,3912,0,3912,3912,0,3912,3912,0,3912,3912,0,3912,3912,0,3912,3912,0,3912,3912,0,3912,3912,0,3912,3912,0,3912,3912,0,3912,3912,0
382,3890,3890,0,3890,3890,0,3890,3890,0,3890,3890,0,3890,3890,0,3890,3890,0,3894,3890,4,3897,3890,6,3890,3890,0,3892,3890,2,3894,3890,4,3890,3890,0
383,3890,3890,0,3890,3890,0,3890,3890,0,3890,3890,0,3890,3890,0,3890,3890,0,3894,3890,4,3897,3890,6,3890,3890,0,3892,3890,2,3894,3890,4,3890,3890,0
384,3888,3888,0,3888,3888,0,3888,3888,0,3888,3888,0,3888,3888,0,3888,3888,0,4692,3888,804,5094,3888,1206,3888,3888,0,4290,3888,402,4692,3888,804,3888,3888,0
385,3904,3904,0,3904,3904,0,3904,3904,0,3904,3904,0,3904,3904,0,3904,3904,0,3904,3904,0,3904,3904,0,3904,3904,0,3904,3904,0,3904,3904,0,3904,3904,0
386,3880,3880,0,3880,3880,0,3880,3880,0,3880,3880,0,3880,3880,0,3880,3880,0,4539,3880,658,4868,3880,987,3880,3880,0,4210,3880,329,4539,3880,658,3880,3880,0
387,3899,3899,0,3899,3899,0,3899,3899,0,3899,3899,0,3899,3899,0,3899,3899,0,3899,3899,0,3899,3899,0,3899,3899,0,3899,3899,0,3899,3899,0,3899,3899,0
388,3879,3879,0,3879,3879,0,3879,3879,0,3879,3879,0,3879,3879,0,3879,3879,0,4231,3879,351,4407,3879,527,3879,3879,0,4055,3879,175,4231,3879,351,3879,3879,0
389,3889,3889,0,3889,3889,0,3889,3889,0,3889,3889,0,3889,3889,0,3889,3889,0,3892,3889,2,3893,3889,4,3889,3889,0,3890,3889,1,3892,3889,2,3889,3889,0
390,3912,3912,0,3912,3912,0,3912,3912,0,3912,3912,0,3912,3912,0,3912,3912,0,3912,3912,0,3912,3912,0,3912,3912,0,3912,3912,0,3912,3912,0,3912,3912,0
391,3889,3889,0,3889,3889,0,3889,3889,0,3889,3889,0,3889,3889,0,3889,3889,0,3892,3889,2,3893,3889,4,3889,3889,0,3890,3889,1,3892,3889,2,3889,3889,0
392,4035,3854,180,4125,3854,270,3854,3854,0,3945,3854,90,4035,3854,180,3854,3854,0,5265,3854,1410,5564,3854,1709,3854,3854,0,4424,3854,569,4994,3854,1139,3854,3854,0
393,3880,3880,0,3880,3880,0,3880,3880,0,3880,3880,0,3880,3880,0,3880,3880,0,3888,3880,7,3892,3880,11,3880,3880,0,3884,3880,3,3888,3880,7,3880,3880,0
394,3891,3891,0,3891,3891,0,3891,3891,0,3891,3891,0,3891,3891,0,3891,3891,0,4067,3891,176,4156,3891,265,3891,3891,0,3979,3891,88,4067,3891,176,3891,3891,0
395,3880,3880,0,3880,3880,0,3880,3880,0,3880,3880,0,3880,3880,0,3880,3880,0,3888,3880,7,3892,3880,11,3880,3880,0,3884,3880,3,3888,3880,7,3880,3880,0
396,3877,3877,0,3877,3877,0,3877,3877,0,3877,3877,0,3877,3877,0,3877,3877,0,3877,3877,0,3877,3877,0,3877,3877,0,3877,3877,0,3877,3877,0,3877,3877,0
397,3877,3877,0,3877,3877,0,3877,3877,0,3877,3877,0,3877,3877,0,3877,3877,0,3877,3877,0,3877,3877,0,3877,3877,0,3877,3877,0,3877,3877,0,3877,3877,0
398,3888,3888,0,3888,3888,0,3888,3888,0,3888,3888,0,3888,3888,0,3888,3888,0,3888,3888,0,3888,3888,0,3888,3888,0,3888,3888,0,3888,3888,0,3888,3888,0
399,3877,3877,0,3877,3877,0,3877,3877,0,3877,3877,0,3877,3877,0,3877,3877,0,3877,3877,0,3877,3877,0,3877,3877,0,3877,3877,0,3877,3877,0,3877,3877,0
400,3875,3875,0,3875,3875,0,3875,3875,0,3875,3875,0,3875,3875,0,3875,3875,0,3875,3875,0,3875,3875,0,3875,3875,0,3875,3875,0,3875,3875,0,3875,3875,0
401,3875,3875,0,3875,3875,0,3875,3875,0,3875,3875,0,3875,3875,0,3875,3875,0,3875,3875,0,3875,3875,0,3875,3875,0,3875,3875,0,3875,3875,0,3875,3875,0
402,6303,3853,2450,7529,3853,3675,3853,3853,0,5078,3853,1225,6303,3853,2450,3853,3853,0,7676,3853,3823,4074,3853,221,3853,3853,0,3927,3853,73,4000,3853,147,3853,3853,0
403,3890,3890,0,3890,3890,0,3890,3890,0,3890,3890,0,3890,3890,0,3890,3890,0,3890,3890,0,3890,3890,0,3890,3890,0,3890,3890,0,3890,3890,0,3890,3890,0
404,4838,3845,993,5335,3845,1489,3845,3845,0,4342,3845,496,4838,3845,993,3845,3845,0,5526,3845,1681,4132,3845,287,3845,3845,0,3941,3845,95,4036,3845,191,3845,3845,0
405,3874,3874,0,3877,3874,2,3876,3874,1,3874,3874,0,3876,3874,1,3875,3874,0,3874,3874,0,3874,3874,0,3877,3874,2,3874,3874,0,3874,3874,0,3874,3874,0
406,6281,3877,2403,7482,3877,3605,3877,3877,0,5079,3877,1201,6281,3877,2403,3877,3877,0,7482,3877,3605,3877,3877,0,3877,3877,0,3877,3877,0,3877,3877,0,3877,3877,0
407,3874,3874,0,3877,3874,2,3876,3874,1,3874,3874,0,3876,3874,1,3875,3874,0,3874,3874,0,3874,3874,0,3877,3874,2,3874,3874,0,3874,3874,0,3874,3874,0
408,4294,3879,414,4501,3879,622,3879,3879,0,4086,3879,207,4294,3879,414,3879,3879,0,4501,3879,622,3879,3879,0,3879,3879,0,3879,3879,0,3879,3879,0,3879,3879,0
409,3874,3874,0,3877,3874,2,3876,3874,1,3874,3874,0,3876,3874,1,3875,3874,0,3874,3874,0,3874,3874,0,3877,3874,2,3874,3874,0,3874,3874,0,3874,3874,0
410,4665,3861,804,5067,3861,1206,3861,3861,0,4263,3861,402,4665,3861,804,3861,3861,0,5067,3861,1206,3861,3861,0,3861,3861,0,3861,3861,0,3861,3861,0,3861,3861,0
411,3882,3882,0,3890,3882,8,3887,3882,5,3882,3882,0,3887,3882,5,3885,3882,2,3882,3882,0,3882,3882,0,3890,3882,8,3882,3882,0,3882,3882,0,3882,3882,0
412,6762,3872,2890,8207,3872,4335,3872,3872,0,5317,3872,1445,6762,3872,2890,3872,3872,0,8207,3872,4335,3872,3872,0,3872,3872,0,3872,3872,0,3872,3872,0,3872,3872,0
413,3902,3902,0,3902,3902,0,3902,3902,0,3902,3902,0,3902,3902,0,3902,3902,0,3902,3902,0,3902,3902,0,3902,3902,0,3902,3902,0,3902,3902,0,3902,3902,0
414,3906,3906,0,3906,3906,0,3906,3906,0,3906,3906,0,3906,3906,0,3906,3906,0,3906,3906,0,3906,3906,0,3906,3906,0,3906,3906,0,3906,3906,0,3906,3906,0
415,3902,3902,0,3902,3902,0,3902,3902,0,3902,3902,0,3902,3902,0,3902,3902,0,3902,3902,0,3902,3902,0,3902,3902,0,3902,3902,0,3902,3902,0,3902,3902,0
416,3905,3905,0,3905,3905,0,3905,3905,0,3905,3905,0,3905,3905,0,3905,3905,0,3905,3905,0,3905,3905,0,3905,3905,0,3905,3905,0,3905,3905,0,3905,3905,0
417,3902,3902,0,3902,3902,0,3902,3902,0,3902,3902,0,3902,3902,0,3902,3902,0,3902,3902,0,3902,3902,0,3902,3902,0,3902,3902,0,3902,3902,0,3902,3902,0
418,7481,3858,3623,9362,3858,5504,3904,3858,46,5669,3858,1811,7527,3858,3669,3881,3858,23,9293,3858,5435,3858,3858,0,3927,3858,69,3858,3858,0,3858,3858,0,3858,3858,0
419,3900,3900,0,3900,3900,0,3900,3900,0,3900,3900,0,3900,3900,0,3900,3900,0,3900,3900,0,3900,3900,0,3900,3900,0,3900,3900,0,3900,3900,0,3900,3900,0
420,4003,3888,114,4354,3888,465,4084,3888,195,3946,3888,57,4199,3888,310,3986,3888,97,4060,3888,172,3888,3888,0,4182,3888,293,3888,3888,0,3888,3888,0,3888,3888,0
421,3909,3909,0,3909,3909,0,3909,3909,0,3909,3909,0,3909,3909,0,3909,3909,0,3909,3909,0,3909,3909,0,3909,3909,0,3909,3909,0,3909,3909,0,3909,3909,0
422,3948,3871,77,4322,3871,450,4094,3871,223,3909,3871,38,4171,3871,300,3982,3871,111,3986,3871,115,3871,3871,0,4206,3871,335,3871,3871,0,3871,3871,0,3871,3871,0
423,3892,3892,0,3892,3892,0,3892,3892,0,3892,3892,0,3892,3892,0,3892,3892,0,3892,3892,0,3892,3892,0,3892,3892,0,3892,3892,0,3892,3892,0,3892,3892,0
424,3912,3912,0,3912,3912,0,3912,3912,0,3912,3912,0,3912,3912,0,3912,3912,0,3912,3912,0,3912,3912,0,3912,3912,0,3912,3912,0,3912,3912,0,3912,3912,0
425,3892,3892,0,3892,3892,0,3892,3892,0,3892,3892,0,3892,3892,0,3892,3892,0,3892,3892,0,3892,3892,0,3892,3892,0,3892,3892,0,3892,3892,0,3892,3892,0
426,6284,3877,2407,7488,3877,3611,3877,3877,0,5080,3877,1203,6284,3877,2407,3877,3877,0,7488,3877,3611,3877,3877,0,3877,3877,0,3877,3877,0,3877,3877,0,3877,3877,0
427,3904,3904,0,3904,3904,0,3904,3904,0,3904,3904,0,3904,3904,0,3904,3904,0,3904,3904,0,3904,3904,0,3904,3904,0,3904,3904,0,3904,3904,0,3904,3904,0
428,3928,3928,0,3928,3928,0,3928,3928,0,3928,3928,0,3928,3928,0,3928,3928,0,3928,3928,0,3928,3928,0,3928,3928,0,3928,3928,0,3928,3928,0,3928,3928,0
429,3904,3904,0,3904,3904,0,3904,3904,0,3904,3904,0,3904,3904,0,3904,3904,0,3904,3904,0,3904,3904,0,3904,3904,0,3904,3904,0,3904,3904,0,3904,3904,0
430,3883,3883,0,3883,3883,0,3883,3883,0,3883,3883,0,3883,3883,0,3883,3883,0,3883,3883,0,3883,3883,0,3883,3883,0,3883,3883,0,3883,3883,0,3883,3883,0
431,3883,3883,0,3883,3883,0,3883,3883,0,3883,3883,0,3883,3883,0,3883,3883,0,3883,3883,0,3883,3883,0,3883,3883,0,3883,3883,0,3883,3883,0,3883,3883,0
432,3912,3912,0,3912,3912,0,3912,3912,0,3912,3912,0,3912,3912,0,3912,3912,0,3912,3912,0,3912,3912,0,3912,3912,0,3912,3912,0,3912,3912,0,3912,3912,0
433,3883,3883,0,3883,3883,0,3883,3883,0,3883,3883,0,3883,3883,0,3883,3883,0,3883,3883,0,3883,3883,0,3883,3883,0,3883,3883,0,3883,3883,0,3883,3883,0
434,3942,3883,59,3972,3883,89,3883,3883,0,3913,3883,29,3942,3883,59,3883,3883,0,3972,3883,89,3883,3883,0,3883,3883,0,3883,3883,0,3883,3883,0,3883,3883,0
435,3883,3883,0,3893,3883,9,3889,3883,6,3883,3883,0,3889,3883,6,3886,3883,3,3883,3883,0,3883,3883,0,3893,3883,9,3883,3883,0,3883,3883,0,3883,3883,0
436,6488,3844,2643,8110,3844,4265,4045,3844,200,5166,3844,1321,6688,3844,2843,3945,3844,100,7809,3844,3964,3844,3844,0,4145,3844,300,3844,3844,0,3844,3844,0,3844,3844,0
437,3868,3868,0,3896,3868,27,3887,3868,18,3868,3868,0,3887,3868,18,3877,3868,9,3868,3868,0,3868,3868,0,3896,3868,27,3868,3868,0,3868,3868,0,3868,3868,0
438,4092,3857,234,4209,3857,352,3857,3857,0,3974,3857,117,4092,3857,234,3857,3857,0,4209,3857,352,3857,3857,0,3857,3857,0,3857,3857,0,3857,3857,0,3857,3857,0
439,3867,3867,0,3867,3867,0,3867,3867,0,3867,3867,0,3867,3867,0,3867,3867,0,3867,3867,0,3867,3867,0,3867,3867,0,3867,3867,0,3867,3867,0,3867,3867,0
440,3856,3856,0,3859,3856,3,3858,3856,2,3856,3856,0,3858,3856,2,3857,3856,1,3856,3856,0,3856,3856,0,3859,3856,3,3856,3856,0,3856,3856,0,3856,3856,0
441,3856,3856,0,3859,3856,3,3858,3856,2,3856,3856,0,3858,3856,2,3857,3856,1,3856,3856,0,3856,3856,0,3859,3856,3,3856,3856,0,3856,3856,0,3856,3856,0
442,4511,3842,669,4846,3842,1004,3842,3842,0,4176,3842,334,4511,3842,669,3842,3842,0,4911,3842,1069,3940,3842,98,3842,3842,0,3875,3842,32,3907,3842,65,3842,3842,0
443,3859,3859,0,3859,3859,0,3859,3859,0,3859,3859,0,3859,3859,0,3859,3859,0,3859,3859,0,3859,3859,0,3859,3859,0,3859,3859,0,3859,3859,0,3859,3859,0
444,4424,3822,601,7081,3822,3258,5393,3822,1570,4123,3822,300,5995,3822,2172,4608,3822,785,4729,3822,906,3828,3822,6,6178,3822,2355,3824,3822,2,3826,3822,4,3822,3822,0
445,3863,3863,0,3863,3863,0,3863,3863,0,3863,3863,0,3863,3863,0,3863,3863,0,3863,3863,0,3863,3863,0,3863,3863,0,3863,3863,0,3863,3863,0,3863,3863,0
446,3900,3900,0,3900,3900,0,3900,3900,0,3900,3900,0,3900,3900,0,3900,3900,0,3900,3900,0,3900,3900,0,3900,3900,0,3900,3900,0,3900,3900,0,3900,3900,0
447,3863,3863,0,3863,3863,0,3863,3863,0,3863,3863,0,3863,3863,0,3863,3863,0,3863,3863,0,3863,3863,0,3863,3863,0,3863,3863,0,3863,3863,0,3863,3863,0
448,3874,3874,0,3874,3874,0,3874,3874,0,3874,3874,0,3874,3874,0,3874,3874,0,3874,3874,0,3874,3874,0,3874,3874,0,3874,3874,0,3874,3874,0,3874,3874,0
449,3863,3863,0,3863,3863,0,3863,3863,0,3863,3863,0,3863,3863,0,3863,3863,0,3863,3863,0,3863,3863,0,3863,3863,0,3863,3863,0,3863,3863,0,3863,3863,0
450,5942,3857,2085,7110,3857,3252,3941,3857,83,4900,3857,1042,6026,3857,2168,3899,3857,41,6985,3857,3127,3857,3857,0,3982,3857,125,3857,3857,0,3857,3857,0,3857,3857,0
451,3877,3877,0,3877,3877,0,3877,3877,0,3877,3877,0,3877,3877,0,3877,3877,0,3877,3877,0,3877,3877,0,3877,3877,0,3877,3877,0,3877,3877,0,3877,3877,0
452,3882,3882,0,3921,3882,38,3908,3882,25,3882,3882,0,3908,3882,25,3895,3882,12,3882,3882,0,3882,3882,0,3921,3882,38,3882,3882,0,3882,3882,0,3882,3882,0
453,3877,3877,0,3877,3877,0,3877,3877,0,3877,3877,0,3877,3877,0,3877,3877,0,3877,3877,0,3877,3877,0,3877,3877,0,3877,3877,0,3877,3877,0,3877,3877,0
454,3897,3897,0,3897,3897,0,3897,3897,0,3897,3897,0,3897,3897,0,3897,3897,0,3897,3897,0,3897,3897,0,3897,3897,0,3897,3897,0,3897,3897,0,3897,3897,0
455,3877,3877,0,3877,3877,0,3877,3877,0,3877,3877,0,3877,3877,0,3877,3877,0,3877,3877,0,3877,3877,0,3877,3877,0,3877,3877,0,3877,3877,0,3877,3877,0
456,4424,3821,603,8286,3821,4465,6194,3821,2373,4123,3821,301,6798,3821,2976,5008,3821,1186,4726,3821,905,3821,3821,0,7381,3821,3560,3821,3821,0,3821,3821,0,3821,3821,0
457,3863,3863,0,3863,3863,0,3863,3863,0,3863,3863,0,3863,3863,0,3863,3863,0,3863,3863,0,3863,3863,0,3863,3863,0,3863,3863,0,3863,3863,0,3863,3863,0
458,3896,3896,0,3896,3896,0,3896,3896,0,3896,3896,0,3896,3896,0,3896,3896,0,3896,3896,0,3896,3896,0,3896,3896,0,3896,3896,0,3896,3896,0,3896,3896,0
459,3863,3863,0,3863,3863,0,3863,3863,0,3863,3863,0,3863,3863,0,3863,3863,0,3863,3863,0,3863,3863,0,3863,3863,0,3863,3863,0,3863,3863,0,3863,3863,0
460,3852,3840,12,3900,3840,60,3868,3840,27,3846,3840,6,3880,3840,40,3854,3840,13,3859,3840,18,3840,3840,0,3882,3840,41,3840,3840,0,3840,3840,0,3840,3840,0
461,3850,3850,0,3850,3850,0,3850,3850,0,3850,3850,0,3850,3850,0,3850,3850,0,3850,3850,0,3850,3850,0,3850,3850,0,3850,3850,0,3850,3850,0,3850,3850,0
462,3924,3847,76,5052,3847,1204,4573,3847,726,3885,3847,38,4650,3847,803,4210,3847,363,3962,3847,115,3847,3847,0,4937,3847,1089,3847,3847,0,3847,3847,0,3847,3847,0
463,3863,3863,0,3863,3863,0,3863,3863,0,3863,3863,0,3863,3863,0,3863,3863,0,3863,3863,0,3863,3863,0,3863,3863,0,3863,3863,0,3863,3863,0,3863,3863,0
464,3856,3835,20,4042,3835,207,3952,3835,117,3845,3835,10,3973,3835,138,3893,3835,58,3866,3835,31,3835,3835,0,4011,3835,175,3835,3835,0,3835,3835,0,3835,3835,0
465,3856,3856,0,3856,3856,0,3856,3856,0,3856,3856,0,3856,3856,0,3856,3856,0,3856,3856,0,3856,3856,0,3856,3856,0,3856,3856,0,3856,3856,0,3856,3856,0
466,3853,3853,0,3865,3853,11,3861,3853,7,3853,3853,0,3861,3853,7,3857,3853,3,3853,3853,0,3853,3853,0,3865,3853,11,3853,3853,0,3853,3853,0,3853,3853,0
467,3863,3863,0,3863,3863,0,3863,3863,0,3863,3863,0,3863,3863,0,3863,3863,0,3863,3863,0,3863,3863,0,3863,3863,0,3863,3863,0,3863,3863,0,3863,3863,0
468,4444,3832,611,5488,3832,1655,4324,3832,492,4138,3832,305,4936,3832,1103,4078,3832,246,4749,3832,916,3832,3832,0,4571,3832,738,3832,3832,0,3832,3832,0,3832,3832,0
469,3864,3864,0,3864,3864,0,3864,3864,0,3864,3864,0,3864,3864,0,3864,3864,0,3864,3864,0,3864,3864,0,3864,3864,0,3864,3864,0,3864,3864,0,3864,3864,0
470,5215,3855,1360,5895,3855,2040,3855,3855,0,4535,3855,680,5215,3855,1360,3855,3855,0,5895,3855,2040,3855,3855,0,3855,3855,0,3855,3855,0,3855,3855,0,3855,3855,0
471,3866,3866,0,3866,3866,0,3866,3866,0,3866,3866,0,3866,3866,0,3866,3866,0,3866,3866,0,3866,3866,0,3866,3866,0,3866,3866,0,3866,3866,0,3866,3866,0
472,5579,3832,1746,6452,3832,2619,3832,3832,0,4706,3832,873,5579,3832,1746,3832,3832,0,6452,3832,2619,3832,3832,0,3832,3832,0,3832,3832,0,3832,3832,0,3832,3832,0
473,3847,3847,0,3863,3847,16,3858,3847,10,3847,3847,0,3858,3847,10,3852,3847,5,3847,3847,0,3847,3847,0,3863,3847,16,3847,3847,0,3847,3847,0,3847,3847,0
474,3838,3830,7,3972,3830,142,3917,3830,87,3834,3830,3,3925,3830,94,3874,3830,43,3847,3830,17,3839,3830,8,3961,3830,130,3833,3830,2,3836,3830,5,3830,3830,0
475,3843,3843,0,3871,3843,28,3862,3843,19,3843,3843,0,3862,3843,19,3852,3843,9,3843,3843,0,3843,3843,0,3871,3843,28,3843,3843,0,3843,3843,0,3843,3843,0
476,3876,3876,0,3876,3876,0,3876,3876,0,3876,3876,0,3876,3876,0,3876,3876,0,3876,3876,0,3876,3876,0,3876,3876,0,3876,3876,0,3876,3876,0,3876,3876,0
477,3843,3843,0,3871,3843,28,3862,3843,19,3843,3843,0,3862,3843,19,3852,3843,9,3843,3843,0,3843,3843,0,3871,3843,28,3843,3843,0,3843,3843,0,3843,3843,0
478,3947,3825,121,4302,3825,477,4021,3825,196,3886,3825,60,4143,3825,318,3923,3825,98,4221,3825,396,4145,3825,320,4119,3825,294,3931,3825,106,4038,3825,213,3825,3825,0
479,3844,3844,0,3870,3844,26,3861,3844,17,3844,3844,0,3861,3844,17,3853,3844,8,3844,3844,0,3844,3844,0,3870,3844,26,3844,3844,0,3844,3844,0,3844,3844,0
480,3862,3862,0,3862,3862,0,3862,3862,0,3862,3862,0,3862,3862,0,3862,3862,0,3862,3862,0,3862,3862,0,3862,3862,0,3862,3862,0,3862,3862,0,3862,3862,0
481,3849,3849,0,3849,3849,0,3849,3849,0,3849,3849,0,3849,3849,0,3849,3849,0,3849,3849,0,3849,3849,0,3849,3849,0,3849,3849,0,3849,3849,0,3849,3849,0
482,3846,3836,9,3851,3836,14,3836,3836,0,3841,3836,4,3846,3836,9,3836,3836,0,4319,3836,482,4538,3836,701,3836,3836,0,4070,3836,233,4304,3836,467,3836,3836,0
483,3855,3855,0,3855,3855,0,3855,3855,0,3855,3855,0,3855,3855,0,3855,3855,0,3855,3855,0,3855,3855,0,3855,3855,0,3855,3855,0,3855,3855,0,3855,3855,0
484,6024,3842,2182,7221,3842,3379,3912,3842,70,4933,3842,1091,6095,3842,2252,3877,3842,35,7116,3842,3273,3842,3842,0,3948,3842,105,3842,3842,0,3842,3842,0,3842,3842,0
485,3868,3868,0,3868,3868,0,3868,3868,0,3868,3868,0,3868,3868,0,3868,3868,0,3868,3868,0,3868,3868,0,3868,3868,0,3868,3868,0,3868,3868,0,3868,3868,0
486,3848,3848,0,3848,3848,0,3848,3848,0,3848,3848,0,3848,3848,0,3848,3848,0,3848,3848,0,3848,3848,0,3848,3848,0,3848,3848,0,3848,3848,0,3848,3848,0
487,3848,3848,0,3848,3848,0,3848,3848,0,3848,3848,0,3848,3848,0,3848,3848,0,3848,3848,0,3848,3848,0,3848,3848,0,3848,3848,0,3848,3848,0,3848,3848,0
488,8985,3805,5179,13262,3805,9457,4930,3805,1125,6395,3805,2589,10110,3805,6305,4367,3805,562,11574,3805,7769,3805,3805,0,5492,3805,1687,3805,3805,0,3805,3805,0,3805,3805,0
489,3859,3859,0,3859,3859,0,3859,3859,0,3859,3859,0,3859,3859,0,3859,3859,0,3859,3859,0,3859,3859,0,3859,3859,0,3859,3859,0,3859,3859,0,3859,3859,0
490,5806,3814,1992,7560,3814,3746,4319,3814,505,4810,3814,996,6311,3814,2497,4066,3814,252,6802,3814,2988,3814,3814,0,4571,3814,757,3814,3814,0,3814,3814,0,3814,3814,0
491,3856,3856,0,3856,3856,0,3856,3856,0,3856,3856,0,3856,3856,0,3856,3856,0,3856,3856,0,3856,3856,0,3856,3856,0,3856,3856,0,3856,3856,0,3856,3856,0
492,3953,3836,116,4027,3836,191,3847,3836,10,3894,3836,58,3964,3836,127,3841,3836,5,4011,3836,175,3836,3836,0,3852,3836,16,3836,3836,0,3836,3836,0,3836,3836,0
493,3854,3854,0,3866,3854,12,3862,3854,8,3854,3854,0,3862,3854,8,3858,3854,4,3854,3854,0,3854,3854,0,3866,3854,12,3854,3854,0,3854,3854,0,3854,3854,0
494,3876,3876,0,3876,3876,0,3876,3876,0,3876,3876,0,3876,3876,0,3876,3876,0,3876,3876,0,3876,3876,0,3876,3876,0,3876,3876,0,3876,3876,0,3876,3876,0
495,3854,3854,0,3866,3854,12,3862,3854,8,3854,3854,0,3862,3854,8,3858,3854,4,3854,3854,0,3854,3854,0,3866,3854,12,3854,3854,0,3854,3854,0,3854,3854,0
496,6737,3834,2903,9191,3834,5356,4502,3834,667,5286,3834,1451,7405,3834,3570,4168,3834,333,8189,3834,4354,3834,3834,0,4836,3834,1001,3834,3834,0,3834,3834,0,3834,3834,0
497,3861,3861,0,3867,3861,6,3865,3861,4,3861,3861,0,3865,3861,4,3863,3861,2,3861,3861,0,3861,3861,0,3867,3861,6,3861,3861,0,3861,3861,0,3861,3861,0
498,7481,3835,3645,9304,3835,5468,3835,3835,0,5658,3835,1822,7481,3835,3645,3835,3835,0,9304,3835,5468,3835,3835,0,3835,3835,0,3835,3835,0,3835,3835,0,3835,3835,0
499,3870,3870,0,3870,3870,0,3870,3870,0,3870,3870,0,3870,3870,0,3870,3870,0,3870,3870,0,3870,3870,0,3870,3870,0,3870,3870,0,3870,3870,0,3870,3870,0
500,3872,3872,0,3872,3872,0,3872,3872,0,3872,3872,0,3872,3872,0,3872,3872,0,3872,3872,0,3872,3872,0,3872,3872,0,3872,3872,0,3872,3872,0,3872,3872,0
501,3870,3870,0,3870,3870,0,3870,3870,0,3870,3870,0,3870,3870,0,3870,3870,0,3870,3870,0,3870,3870,0,3870,3870,0,3870,3870,0,3870,3870,0,3870,3870,0
502,4861,3841,1020,5371,3841,1530,3841,3841,0,4351,3841,510,4861,3841,1020,3841,3841,0,5371,3841,1530,3841,3841,0,3841,3841,0,3841,3841,0,3841,3841,0,3841,3841,0
503,3868,3868,0,3868,3868,0,3868,3868,0,3868,3868,0,3868,3868,0,3868,3868,0,3868,3868,0,3868,3868,0,3868,3868,0,3868,3868,0,3868,3868,0,3868,3868,0
504,4064,3876,187,4157,3876,280,3876,3876,0,3970,3876,93,4064,3876,187,3876,3876,0,4157,3876,280,3876,3876,0,3876,3876,0,3876,3876,0,3876,3876,0,3876,3876,0
505,3868,3868,0,3868,3868,0,3868,3868,0,3868,3868,0,3868,3868,0,3868,3868,0,3868,3868,0,3868,3868,0,3868,3868,0,3868,3868,0,3868,3868,0,3868,3868,0
506,3919,3838,81,3995,3838,157,3862,3838,23,3878,3838,40,3943,3838,105,3850,3838,11,3960,3838,121,3838,3838,0,3873,3838,35,3838,3838,0,3838,3838,0,3838,3838,0
507,3852,3852,0,3852,3852,0,3852,3852,0,3852,3852,0,3852,3852,0,3852,3852,0,3852,3852,0,3852,3852,0,3852,3852,0,3852,3852,0,3852,3852,0,3852,3852,0
508,3965,3826,138,5775,3826,1948,4986,3826,1160,3896,3826,69,5125,3826,1299,4406,3826,580,4035,3826,208,3826,3826,0,5566,3826,1740,3826,3826,0,3826,3826,0,3826,3826,0
509,3845,3845,0,3845,3845,0,3845,3845,0,3845,3845,0,3845,3845,0,3845,3845,0,3845,3845,0,3845,3845,0,3845,3845,0,3845,3845,0,3845,3845,0,3845,3845,0
510,5625,3818,1807,7016,3818,3197,4143,3818,324,4722,3818,903,5950,3818,2131,3981,3818,162,6529,3818,2710,3818,3818,0,4306,3818,487,3818,3818,0,3818,3818,0,3818,3818,0
511,3853,3853,0,3853,3853,0,3853,3853,0,3853,3853,0,3853,3853,0,3853,3853,0,3853,3853,0,3853,3853,0,3853,3853,0,3853,3853,0,3853,3853,0,3853,3853,0
512,6686,3825,2861,8723,3825,4897,4229,3825,403,5256,3825,1430,7090,3825,3265,4027,3825,201,8117,3825,4291,3825,3825,0,4431,3825,605,3825,3825,0,3825,3825,0,3825,3825,0
513,3862,3862,0,3862,3862,0,3862,3862,0,3862,3862,0,3862,3862,0,3862,3862,0,3862,3862,0,3862,3862,0,3862,3862,0,3862,3862,0,3862,3862,0,3862,3862,0
514,4238,3838,399,4754,3838,915,4049,3838,210,4038,3838,199,4449,3838,610,3944,3838,105,4438,3838,599,3838,3838,0,4154,3838,315,3838,3838,0,3838,3838,0,3838,3838,0
515,3850,3850,0,3850,3850,0,3850,3850,0,3850,3850,0,3850,3850,0,3850,3850,0,3850,3850,0,3850,3850,0,3850,3850,0,3850,3850,0,3850,3850,0,3850,3850,0
516,3906,3850,55,3941,3850,91,3855,3850,5,3878,3850,27,3911,3850,60,3852,3850,2,3934,3850,83,3850,3850,0,3858,3850,7,3850,3850,0,3850,3850,0,3850,3850,0
517,3850,3850,0,3850,3850,0,3850,3850,0,3850,3850,0,3850,3850,0,3850,3850,0,3850,3850,0,3850,3850,0,3850,3850,0,3850,3850,0,3850,3850,0,3850,3850,0
518,4906,3820,1086,6014,3820,2194,4196,3820,376,4363,3820,543,5283,3820,1462,4008,3820,188,5450,3820,1629,3820,3820,0,4385,3820,564,3820,3820,0,3820,3820,0,3820,3820,0
519,3842,3842,0,3842,3842,0,3842,3842,0,3842,3842,0,3842,3842,0,3842,3842,0,3842,3842,0,3842,3842,0,3842,3842,0,3842,3842,0,3842,3842,0,3842,3842,0
520,7014,3811,3203,8689,3811,4877,3860,3811,48,5413,3811,1601,7063,3811,3251,3835,3811,24,8639,3811,4827,3846,3811,34,3884,3811,72,3823,3811,11,3834,3811,23,3811,3811,0
521,3833,3833,0,3834,3833,0,3833,3833,0,3833,3833,0,3833,3833,0,3833,3833,0,3936,3833,102,3986,3833,152,3833,3833,0,3884,3833,50,3935,3833,101,3833,3833,0
522,3843,3820,23,3989,3820,169,3909,3820,89,3832,3820,11,3933,3820,112,3864,3820,44,4434,3820,613,4687,3820,867,3954,3820,133,4109,3820,289,4398,3820,578,3820,3820,0
523,3833,3833,0,3834,3833,0,3833,3833,0,3833,3833,0,3833,3833,0,3833,3833,0,3936,3833,102,3986,3833,152,3833,3833,0,3884,3833,50,3935,3833,101,3833,3833,0
524,3839,3839,0,3839,3839,0,3839,3839,0,3839,3839,0,3839,3839,0,3839,3839,0,4418,3839,578,4708,3839,868,3839,3839,0,4129,3839,289,4418,3839,578,3839,3839,0
525,3833,3833,0,3834,3833,0,3833,3833,0,3833,3833,0,3833,3833,0,3833,3833,0,3936,3833,102,3986,3833,152,3833,3833,0,3884,3833,50,3935,3833,101,3833,3833,0
526,3845,3845,0,3845,3845,0,3845,3845,0,3845,3845,0,3845,3845,0,3845,3845,0,3845,3845,0,3845,3845,0,3845,3845,0,3845,3845,0,3845,3845,0,3845,3845,0
527,3845,3845,0,3845,3845,0,3845,3845,0,3845,3845,0,3845,3845,0,3845,3845,0,3845,3845,0,3845,3845,0,3845,3845,0,3845,3845,0,3845,3845,0,3845,3845,0
528,4092,3838,254,4269,3838,431,3871,3838,33,3965,3838,127,4125,3838,287,3854,3838,16,4219,3838,381,3838,3838,0,3888,3838,49,3838,3838,0,3838,3838,0,3838,3838,0
529,3851,3851,0,3851,3851,0,3851,3851,0,3851,3851,0,3851,3851,0,3851,3851,0,3851,3851,0,3851,3851,0,3851,3851,0,3851,3851,0,3851,3851,0,3851,3851,0
530,3873,3841,31,3888,3841,47,3841,3841,0,3857,3841,15,3873,3841,31,3841,3841,0,3888,3841,47,3841,3841,0,3841,3841,0,3841,3841,0,3841,3841,0,3841,3841,0
531,3854,3854,0,3870,3854,16,3864,3854,10,3854,3854,0,3864,3854,10,3859,3854,5,3854,3854,0,3854,3854,0,3870,3854,16,3854,3854,0,3854,3854,0,3854,3854,0
532,4205,3861,343,4451,3861,589,3910,3861,49,4033,3861,171,4254,3861,393,3886,3861,24,4377,3861,515,3861,3861,0,3935,3861,73,3861,3861,0,3861,3861,0,3861,3861,0
533,3854,3854,0,3870,3854,16,3864,3854,10,3854,3854,0,3864,3854,10,3859,3854,5,3854,3854,0,3854,3854,0,3870,3854,16,3854,3854,0,3854,3854,0,3854,3854,0
534,6148,3850,2297,7297,3850,3446,3850,3850,0,4999,3850,1148,6148,3850,2297,3850,3850,0,7297,3850,3446,3850,3850,0,3850,3850,0,3850,3850,0,3850,3850,0,3850,3850,0
535,3873,3873,0,3873,3873,0,3873,3873,0,3873,3873,0,3873,3873,0,3873,3873,0,3873,3873,0,3873,3873,0,3873,3873,0,3873,3873,0,3873,3873,0,3873,3873,0
536,4556,3848,708,4911,3848,1062,3848,3848,0,4202,3848,354,4556,3848,708,3848,3848,0,4911,3848,1062,3848,3848,0,3848,3848,0,3848,3848,0,3848,3848,0,3848,3848,0
537,3866,3866,0,3867,3866,0,3867,3866,0,3866,3866,0,3867,3866,0,3867,3866,0,3866,3866,0,3866,3866,0,3867,3866,0,3866,3866,0,3866,3866,0,3866,3866,0
538,5604,3867,1736,6473,3867,2605,3867,3867,0,4736,3867,868,5604,3867,1736,3867,3867,0,6473,3867,2605,3867,3867,0,3867,3867,0,3867,3867,0,3867,3867,0,3867,3867,0
539,3866,3866,0,3867,3866,0,3867,3866,0,3866,3866,0,3867,3866,0,3867,3866,0,3866,3866,0,3866,3866,0,3867,3866,0,3866,3866,0,3866,3866,0,3866,3866,0
540,3898,3898,0,3898,3898,0,3898,3898,0,3898,3898,0,3898,3898,0,3898,3898,0,3898,3898,0,3898,3898,0,3898,3898,0,3898,3898,0,3898,3898,0,3898,3898,0
541,3866,3866,0,3867,3866,0,3867,3866,0,3866,3866,0,3867,3866,0,3867,3866,0,3866,3866,0,3866,3866,0,3867,3866,0,3866,3866,0,3866,3866,0,3866,3866,0
542,3893,3893,0,3913,3893,20,3906,3893,13,3893,3893,0,3906,3893,13,3899,3893,6,3893,3893,0,3893,3893,0,3913,3893,20,3893,3893,0,3893,3893,0,3893,3893,0
543,3866,3866,0,3867,3866,0,3867,3866,0,3866,3866,0,3867,3866,0,3867,3866,0,3866,3866,0,3866,3866,0,3867,3866,0,3866,3866,0,3866,3866,0,3866,3866,0
544,3881,3881,0,3881,3881,0,3881,3881,0,3881,3881,0,3881,3881,0,3881,3881,0,3881,3881,0,3881,3881,0,3881,3881,0,3881,3881,0,3881,3881,0,3881,3881,0
545,3866,3866,0,3867,3866,0,3867,3866,0,3866,3866,0,3867,3866,0,3867,3866,0,3866,3866,0,3866,3866,0,3867,3866,0,3866,3866,0,3866,3866,0,3866,3866,0
546,3894,3894,0,3894,3894,0,3894,3894,0,3894,3894,0,3894,3894,0,3894,3894,0,3894,3894,0,3894,3894,0,3894,3894,0,3894,3894,0,3894,3894,0,3894,3894,0
547,3866,3866,0,3867,3866,0,3867,3866,0,3866,3866,0,3867,3866,0,3867,3866,0,3866,3866,0,3866,3866,0,3867,3866,0,3866,3866,0,3866,3866,0,3866,3866,0
548,5496,3839,1657,6929,3839,3090,4242,3839,403,4667,3839,828,5899,3839,2060,4040,3839,201,6324,3839,2485,3839,3839,0,4443,3839,604,3839,3839,0,3839,3839,0,3839,3839,0
549,3873,3873,0,3874,3873,0,3874,3873,0,3873,3873,0,3874,3873,0,3873,3873,0,3873,3873,0,3873,3873,0,3874,3873,0,3873,3873,0,3873,3873,0,3873,3873,0
550,4458,3872,586,4751,3872,879,3872,3872,0,4165,3872,293,4458,3872,586,3872,3872,0,4751,3872,879,3872,3872,0,3872,3872,0,3872,3872,0,3872,3872,0,3872,3872,0
551,3888,3888,0,3888,3888,0,3888,3888,0,3888,3888,0,3888,3888,0,3888,3888,0,3888,3888,0,3888,3888,0,3888,3888,0,3888,3888,0,3888,3888,0,3888,3888,0
552,4940,3868,1071,5475,3868,1606,3868,3868,0,4404,3868,535,4940,3868,1071,3868,3868,0,5475,3868,1606,3868,3868,0,3868,3868,0,3868,3868,0,3868,3868,0,3868,3868,0
553,3891,3891,0,3891,3891,0,3891,3891,0,3891,3891,0,3891,3891,0,3891,3891,0,3891,3891,0,3891,3891,0,3891,3891,0,3891,3891,0,3891,3891,0,3891,3891,0
554,3888,3883,4,3890,3883,7,3883,3883,0,3885,3883,2,3888,3883,4,3883,3883,0,3890,3883,7,3883,3883,0,3883,3883,0,3883,3883,0,3883,3883,0,3883,3883,0
555,3888,3883,4,3890,3883,7,3883,3883,0,3885,3883,2,3888,3883,4,3883,3883,0,3890,3883,7,3883,3883,0,3883,3883,0,3883,3883,0,3883,3883,0,3883,3883,0
556,3886,3883,3,3888,3883,4,3883,3883,0,3885,3883,1,3886,3883,3,3883,3883,0,3888,3883,4,3883,3883,0,3883,3883,0,3883,3883,0,3883,3883,0,3883,3883,0
557,3888,3886,2,3890,3886,4,3886,3886,0,3887,3886,1,3888,3886,2,3886,3886,0,3890,3886,4,3886,3886,0,3886,3886,0,3886,3886,0,3886,3886,0,3886,3886,0
558,5109,3858,1250,5734,3858,1876,3858,3858,0,4483,3858,625,5109,3858,1250,3858,3858,0,5734,3858,1876,3858,3858,0,3858,3858,0,3858,3858,0,3858,3858,0,3858,3858,0
559,3887,3881,5,3889,3881,8,3881,3881,0,3884,3881,2,3887,3881,5,3881,3881,0,3889,3881,8,3881,3881,0,3881,3881,0,3881,3881,0,3881,3881,0,3881,3881,0
560,3869,3869,0,3869,3869,0,3869,3869,0,3869,3869,0,3869,3869,0,3869,3869,0,3869,3869,0,3869,3869,0,3869,3869,0,3869,3869,0,3869,3869,0,3869,3869,0
561,3869,3869,0,3869,3869,0,3869,3869,0,3869,3869,0,3869,3869,0,3869,3869,0,3869,3869,0,3869,3869,0,3869,3869,0,3869,3869,0,3869,3869,0,3869,3869,0
562,8650,3835,4814,11057,3835,7222,3835,3835,0,6243,3835,2407,8650,3835,4814,3835,3835,0,11057,3835,7222,3835,3835,0,3835,3835,0,3835,3835,0,3835,3835,0,3835,3835,0
563,3873,3873,0,3873,3873,0,3873,3873,0,3873,3873,0,3873,3873,0,3873,3873,0,3873,3873,0,3873,3873,0,3873,3873,0,3873,3873,0,3873,3873,0,3873,3873,0
564,3878,3878,0,3878,3878,0,3878,3878,0,3878,3878,0,3878,3878,0,3878,3878,0,3878,3878,0,3878,3878,0,3878,3878,0,3878,3878,0,3878,3878,0,3878,3878,0
565,3873,3873,0,3873,3873,0,3873,3873,0,3873,3873,0,3873,3873,0,3873,3873,0,3873,3873,0,3873,3873,0,3873,3873,0,3873,3873,0,3873,3873,0,3873,3873,0
566,6704,3858,2846,8127,3858,4269,3858,3858,0,5281,3858,1423,6704,3858,2846,3858,3858,0,8127,3858,4269,3858,3858,0,3858,3858,0,3858,3858,0,3858,3858,0,3858,3858,0
567,3888,3888,0,3888,3888,0,3888,3888,0,3888,3888,0,3888,3888,0,3888,3888,0,3888,3888,0,3888,3888,0,3888,3888,0,3888,3888,0,3888,3888,0,3888,3888,0
568,3887,3887,0,3887,3887,0,3887,3887,0,3887,3887,0,3887,3887,0,3887,3887,0,3887,3887,0,3887,3887,0,3887,3887,0,3887,3887,0,3887,3887,0,3887,3887,0
569,3887,3887,0,3887,3887,0,3887,3887,0,3887,3887,0,3887,3887,0,3887,3887,0,3887,3887,0,3887,3887,0,3887,3887,0,3887,3887,0,3887,3887,0,3887,3887,0
570,3883,3877,6,3887,3877,9,3877,3877,0,3880,3877,3,3883,3877,6,3877,3877,0,3887,3877,9,3877,3877,0,3877,3877,0,3877,3877,0,3877,3877,0,3877,3877,0
571,3883,3877,6,3887,3877,9,3877,3877,0,3880,3877,3,3883,3877,6,3877,3877,0,3887,3877,9,3877,3877,0,3877,3877,0,3877,3877,0,3877,3877,0,3877,3877,0
572,10332,3842,6489,13577,3842,9734,3842,3842,0,7087,3842,3244,10332,3842,6489,3842,3842,0,13577,3842,9734,3842,3842,0,3842,3842,0,3842,3842,0,3842,3842,0,3842,3842,0
573,3876,3871,5,3879,3871,8,3871,3871,0,3873,3871,2,3876,3871,5,3871,3871,0,3879,3871,8,3871,3871,0,3871,3871,0,3871,3871,0,3871,3871,0,3871,3871,0
574,3879,3879,0,3879,3879,0,3879,3879,0,3879,3879,0,3879,3879,0,3879,3879,0,3879,3879,0,3879,3879,0,3879,3879,0,3879,3879,0,3879,3879,0,3879,3879,0
575,3874,3873,1,3875,3873,2,3873,3873,0,3874,3873,0,3874,3873,1,3873,3873,0,3875,3873,2,3873,3873,0,3873,3873,0,3873,3873,0,3873,3873,0,3873,3873,0
576,3933,3865,67,3966,3865,101,3865,3865,0,3899,3865,33,3933,3865,67,3865,3865,0,3966,3865,101,3865,3865,0,3865,3865,0,3865,3865,0,3865,3865,0,3865,3865,0
577,3873,3872,0,3874,3872,1,3872,3872,0,3873,3872,0,3873,3872,0,3872,3872,0,3874,3872,1,3872,3872,0,3872,3872,0,3872,3872,0,3872,3872,0,3872,3872,0
578,4640,3862,777,5028,3862,1165,3862,3862,0,4251,3862,388,4640,3862,777,3862,3862,0,5028,3862,1165,3862,3862,0,3862,3862,0,3862,3862,0,3862,3862,0,3862,3862,0
579,3872,3872,0,3872,3872,0,3872,3872,0,3872,3872,0,3872,3872,0,3872,3872,0,3872,3872,0,3872,3872,0,3872,3872,0,3872,3872,0,3872,3872,0,3872,3872,0
580,3888,3888,0,3888,3888,0,3888,3888,0,3888,3888,0,3888,3888,0,3888,3888,0,3888,3888,0,3888,3888,0,3888,3888,0,3888,3888,0,3888,3888,0,3888,3888,0
581,3872,3872,0,3872,3872,0,3872,3872,0,3872,3872,0,3872,3872,0,3872,3872,0,3872,3872,0,3872,3872,0,3872,3872,0,3872,3872,0,3872,3872,0,3872,3872,0
582,7546,3834,3712,9403,3834,5569,3834,3834,0,5690,3834,1856,7546,3834,3712,3834,3834,0,9406,3834,5571,3838,3834,4,3834,3834,0,3835,3834,1,3836,3834,2,3834,3834,0
583,3865,3864,1,3866,3864,2,3864,3864,0,3864,3864,0,3865,3864,1,3864,3864,0,3866,3864,2,3864,3864,0,3864,3864,0,3864,3864,0,3864,3864,0,3864,3864,0
584,4629,3837,791,5024,3837,1187,3837,3837,0,4233,3837,395,4629,3837,791,3837,3837,0,5239,3837,1402,4159,3837,322,3837,3837,0,3944,3837,107,4052,3837,214,3837,3837,0
585,3869,3855,14,3876,3855,21,3855,3855,0,3862,3855,7,3869,3855,14,3855,3855,0,3876,3855,21,3855,3855,0,3855,3855,0,3855,3855,0,3855,3855,0,3855,3855,0
586,3867,3867,0,3867,3867,0,3867,3867,0,3867,3867,0,3867,3867,0,3867,3867,0,3867,3867,0,3867,3867,0,3867,3867,0,3867,3867,0,3867,3867,0,3867,3867,0
587,3868,3868,0,3868,3868,0,3868,3868,0,3868,3868,0,3868,3868,0,3868,3868,0,3868,3868,0,3868,3868,0,3868,3868,0,3868,3868,0,3868,3868,0,3868,3868,0
588,4781,3848,933,5248,3848,1400,3848,3848,0,4314,3848,466,4781,3848,933,3848,3848,0,5248,3848,1400,3848,3848,0,3848,3848,0,3848,3848,0,3848,3848,0,3848,3848,0
589,3865,3865,0,3865,3865,0,3865,3865,0,3865,3865,0,3865,3865,0,3865,3865,0,3865,3865,0,3865,3865,0,3865,3865,0,3865,3865,0,3865,3865,0,3865,3865,0
590,3870,3870,0,3870,3870,0,3870,3870,0,3870,3870,0,3870,3870,0,3870,3870,0,3870,3870,0,3870,3870,0,3870,3870,0,3870,3870,0,3870,3870,0,3870,3870,0
591,3865,3865,0,3865,3865,0,3865,3865,0,3865,3865,0,3865,3865,0,3865,3865,0,3865,3865,0,3865,3865,0,3865,3865,0,3865,3865,0,3865,3865,0,3865,3865,0
592,4944,3842,1101,5494,3842,1651,3842,3842,0,4393,3842,550,4944,3842,1101,3842,3842,0,5494,3842,1651,3842,3842,0,3842,3842,0,3842,3842,0,3842,3842,0,3842,3842,0
593,3871,3871,0,3871,3871,0,3871,3871,0,3871,3871,0,3871,3871,0,3871,3871,0,3871,3871,0,3871,3871,0,3871,3871,0,3871,3871,0,3871,3871,0,3871,3871,0
594,3871,3871,0,3871,3871,0,3871,3871,0,3871,3871,0,3871,3871,0,3871,3871,0,3871,3871,0,3871,3871,0,3871,3871,0,3871,3871,0,3871,3871,0,3871,3871,0
595,3871,3871,0,3871,3871,0,3871,3871,0,3871,3871,0,3871,3871,0,3871,3871,0,3871,3871,0,3871,3871,0,3871,3871,0,3871,3871,0,3871,3871,0,3871,3871,0
596,4471,3869,601,4772,3869,902,3869,3869,0,4170,3869,300,4471,3869,601,3869,3869,0,4772,3869,902,3869,3869,0,3869,3869,0,3869,3869,0,3869,3869,0,3869,3869,0
597,3877,3877,0,3877,3877,0,3877,3877,0,3877,3877,0,3877,3877,0,3877,3877,0,3877,3877,0,3877,3877,0,3877,3877,0,3877,3877,0,3877,3877,0,3877,3877,0
598,3866,3862,3,3867,3862,5,3862,3862,0,3864,3862,1,3866,3862,3,3862,3862,0,3867,3862,5,3862,3862,0,3862,3862,0,3862,3862,0,3862,3862,0,3862,3862,0
599,3866,3862,3,3867,3862,5,3862,3862,0,3864,3862,1,3866,3862,3,3862,3862,0,3867,3862,5,3862,3862,0,3862,3862,0,3862,3862,0,3862,3862,0,3862,3862,0
600,3868,3863,5,3871,3863,7,3863,3863,0,3866,3863,2,3868,3863,5,3863,3863,0,3871,3863,7,3863,3863,0,3863,3863,0,3863,3863,0,3863,3863,0,3863,3863,0
601,3866,3862,3,3867,3862,5,3862,3862,0,3864,3862,1,3866,3862,3,3862,3862,0,3867,3862,5,3862,3862,0,3862,3862,0,3862,3862,0,3862,3862,0,3862,3862,0
602,10339,3836,6503,13591,3836,9754,3836,3836,0,7088,3836,3251,10339,3836,6503,3836,3836,0,13591,3836,9754,3836,3836,0,3836,3836,0,3836,3836,0,3836,3836,0,3836,3836,0
603,3871,3867,4,3873,3867,6,3867,3867,0,3869,3867,2,3871,3867,4,3867,3867,0,3873,3867,6,3867,3867,0,3867,3867,0,3867,3867,0,3867,3867,0,3867,3867,0
604,3893,3893,0,3893,3893,0,3893,3893,0,3893,3893,0,3893,3893,0,3893,3893,0,3893,3893,0,3893,3893,0,3893,3893,0,3893,3893,0,3893,3893,0,3893,3893,0
605,3871,3867,4,3873,3867,6,3867,3867,0,3869,3867,2,3871,3867,4,3867,3867,0,3873,3867,6,3867,3867,0,3867,3867,0,3867,3867,0,3867,3867,0,3867,3867,0
606,3873,3873,0,3873,3873,0,3873,3873,0,3873,3873,0,3873,3873,0,3873,3873,0,3873,3873,0,3873,3873,0,3873,3873,0,3873,3873,0,3873,3873,0,3873,3873,0
607,3876,3876,0,3876,3876,0,3876,3876,0,3876,3876,0,3876,3876,0,3876,3876,0,3876,3876,0,3876,3876,0,3876,3876,0,3876,3876,0,3876,3876,0,3876,3876,0
608,3911,3873,37,3930,3873,56,3873,3873,0,3892,3873,18,3911,3873,37,3873,3873,0,3930,3873,56,3873,3873,0,3873,3873,0,3873,3873,0,3873,3873,0,3873,3873,0
609,3885,3885,0,3885,3885,0,3885,3885,0,3885,3885,0,3885,3885,0,3885,3885,0,3885,3885,0,3885,3885,0,3885,3885,0,3885,3885,0,3885,3885,0,3885,3885,0
610,4064,3861,203,4168,3861,306,3862,3861,1,3963,3861,101,4066,3861,204,3861,3861,0,4166,3861,305,3861,3861,0,3863,3861,1,3861,3861,0,3861,3861,0,3861,3861,0
611,3882,3882,0,3882,3882,0,3882,3882,0,3882,3882,0,3882,3882,0,3882,3882,0,3882,3882,0,3882,3882,0,3882,3882,0,3882,3882,0,3882,3882,0,3882,3882,0
612,7266,3851,3414,8973,3851,5121,3851,3851,0,5559,3851,1707,7266,3851,3414,3851,3851,0,8973,3851,5121,3851,3851,0,3851,3851,0,3851,3851,0,3851,3851,0,3851,3851,0
613,3885,3885,0,3885,3885,0,3885,3885,0,3885,3885,0,3885,3885,0,3885,3885,0,3885,3885,0,3885,3885,0,3885,3885,0,3885,3885,0,3885,3885,0,3885,3885,0
614,3944,3863,81,3985,3863,122,3863,3863,0,3903,3863,40,3944,3863,81,3863,3863,0,3985,3863,122,3863,3863,0,3863,3863,0,3863,3863,0,3863,3863,0,3863,3863,0
615,3879,3879,0,3879,3879,0,3879,3879,0,3879,3879,0,3879,3879,0,3879,3879,0,3879,3879,0,3879,3879,0,3879,3879,0,3879,3879,0,3879,3879,0,3879,3879,0
616,5835,3847,1987,6829,3847,2981,3847,3847,0,4841,3847,993,5835,3847,1987,3847,3847,0,6829,3847,2981,3847,3847,0,3847,3847,0,3847,3847,0,3847,3847,0,3847,3847,0
617,3861,3856,4,3988,3856,132,3940,3856,83,3859,3856,2,3944,3856,88,3898,3856,41,3863,3856,6,3856,3856,0,3982,3856,125,3856,3856,0,3856,3856,0,3856,3856,0
618,3960,3844,115,5827,3844,1982,5050,3844,1205,3902,3844,57,5166,3844,1321,4447,3844,602,4018,3844,173,3844,3844,0,5653,3844,1808,3844,3844,0,3844,3844,0,3844,3844,0
619,3868,3851,17,4084,3851,233,3989,3851,138,3860,3851,8,4006,3851,155,3920,3851,69,3877,3851,25,3851,3851,0,4058,3851,207,3851,3851,0,3851,3851,0,3851,3851,0
620,3852,3852,0,4586,3852,734,4341,3852,489,3852,3852,0,4341,3852,489,4097,3852,244,3852,3852,0,3852,3852,0,4586,3852,734,3852,3852,0,3852,3852,0,3852,3852,0
621,3858,3857,0,4022,3857,165,3967,3857,109,3857,3857,0,3967,3857,110,3912,3857,54,3858,3857,0,3857,3857,0,4022,3857,164,3857,3857,0,3857,3857,0,3857,3857,0
622,3862,3862,0,3862,3862,0,3862,3862,0,3862,3862,0,3862,3862,0,3862,3862,0,3862,3862,0,3862,3862,0,3862,3862,0,3862,3862,0,3862,3862,0,3862,3862,0
623,3886,3886,0,3886,3886,0,3886,3886,0,3886,3886,0,3886,3886,0,3886,3886,0,3886,3886,0,3886,3886,0,3886,3886,0,3886,3886,0,3886,3886,0,3886,3886,0
624,3986,3845,140,4074,3845,228,3857,3845,11,3916,3845,70,3998,3845,152,3851,3845,5,4056,3845,211,3845,3845,0,3863,3845,17,3845,3845,0,3845,3845,0,3845,3845,0
625,3868,3868,0,3868,3868,0,3868,3868,0,3868,3868,0,3868,3868,0,3868,3868,0,3868,3868,0,3868,3868,0,3868,3868,0,3868,3868,0,3868,3868,0,3868,3868,0
626,3868,3868,0,3868,3868,0,3868,3868,0,3868,3868,0,3868,3868,0,3868,3868,0,3868,3868,0,3868,3868,0,3868,3868,0,3868,3868,0,3868,3868,0,3868,3868,0
627,3868,3868,0,3868,3868,0,3868,3868,0,3868,3868,0,3868,3868,0,3868,3868,0,3868,3868,0,3868,3868,0,3868,3868,0,3868,3868,0,3868,3868,0,3868,3868,0
628,4051,3842,208,4412,3842,569,4013,3842,170,3947,3842,104,4222,3842,379,3928,3842,85,4156,3842,313,3842,3842,0,4098,3842,256,3842,3842,0,3842,3842,0,3842,3842,0
629,3867,3867,0,3867,3867,0,3867,3867,0,3867,3867,0,3867,3867,0,3867,3867,0,3867,3867,0,3867,3867,0,3867,3867,0,3867,3867,0,3867,3867,0,3867,3867,0
630,5710,3838,1872,6646,3838,2808,3838,3838,0,4774,3838,936,5710,3838,1872,3838,3838,0,6646,3838,2808,3838,3838,0,3838,3838,0,3838,3838,0,3838,3838,0,3838,3838,0
631,3850,3850,0,3850,3850,0,3850,3850,0,3850,3850,0,3850,3850,0,3850,3850,0,3850,3850,0,3850,3850,0,3850,3850,0,3850,3850,0,3850,3850,0,3850,3850,0
632,4415,3829,585,4708,3829,878,3829,3829,0,4122,3829,292,4415,3829,585,3829,3829,0,4708,3829,878,3829,3829,0,3829,3829,0,3829,3829,0,3829,3829,0,3829,3829,0
633,3841,3841,0,3841,3841,0,3841,3841,0,3841,3841,0,3841,3841,0,3841,3841,0,3841,3841,0,3841,3841,0,3841,3841,0,3841,3841,0,3841,3841,0,3841,3841,0
634,4260,3823,436,4725,3823,902,3988,3823,164,4041,3823,218,4424,3823,601,3905,3823,82,4478,3823,655,3823,3823,0,4070,3823,246,3823,3823,0,3823,3823,0,3823,3823,0
635,3849,3849,0,3849,3849,0,3849,3849,0,3849,3849,0,3849,3849,0,3849,3849,0,3849,3849,0,3849,3849,0,3849,3849,0,3849,3849,0,3849,3849,0,3849,3849,0
636,5196,3816,1380,6682,3816,2866,4346,3816,530,4506,3816,690,5727,3816,1911,4081,3816,265,5886,3816,2070,3816,3816,0,4612,3816,796,3816,3816,0,3816,3816,0,3816,3816,0
637,3849,3849,0,3849,3849,0,3849,3849,0,3849,3849,0,3849,3849,0,3849,3849,0,3849,3849,0,3849,3849,0,3849,3849,0,3849,3849,0,3849,3849,0,3849,3849,0
638,3868,3868,0,3868,3868,0,3868,3868,0,3868,3868,0,3868,3868,0,3868,3868,0,3868,3868,0,3868,3868,0,3868,3868,0,3868,3868,0,3868,3868,0,3868,3868,0
639,3849,3849,0,3849,3849,0,3849,3849,0,3849,3849,0,3849,3849,0,3849,3849,0,3849,3849,0,3849,3849,0,3849,3849,0,3849,3849,0,3849,3849,0,3849,3849,0
640,5720,3803,1916,7812,3803,4008,4559,3803,755,4762,3803,958,6476,3803,2672,4181,3803,377,6692,3803,2888,3824,3803,20,4937,3803,1133,3810,3803,6,3817,3803,13,3803,3803,0
641,3838,3838,0,3838,3838,0,3838,3838,0,3838,3838,0,3838,3838,0,3838,3838,0,3838,3838,0,3838,3838,0,3838,3838,0,3838,3838,0,3838,3838,0,3838,3838,0
642,8313,3809,4503,10650,3809,6841,3866,3809,56,6061,3809,2251,8370,3809,4560,3837,3809,28,10571,3809,6761,3818,3809,8,3894,3809,85,3812,3809,2,3815,3809,5,3809,3809,0
643,3849,3849,0,3849,3849,0,3849,3849,0,3849,3849,0,3849,3849,0,3849,3849,0,3849,3849,0,3849,3849,0,3849,3849,0,3849,3849,0,3849,3849,0,3849,3849,0
644,4096,3828,268,5411,3828,1582,4615,3828,787,3962,3828,134,4883,3828,1055,4222,3828,393,4230,3828,402,3828,3828,0,5009,3828,1180,3828,3828,0,3828,3828,0,3828,3828,0
645,3858,3858,0,3858,3858,0,3858,3858,0,3858,3858,0,3858,3858,0,3858,3858,0,3858,3858,0,3858,3858,0,3858,3858,0,3858,3858,0,3858,3858,0,3858,3858,0
646,4479,3837,642,4800,3837,963,3837,3837,0,4158,3837,321,4479,3837,642,3837,3837,0,4800,3837,963,3837,3837,0,3837,3837,0,3837,3837,0,3837,3837,0,3837,3837,0
647,3847,3847,0,3847,3847,0,3847,3847,0,3847,3847,0,3847,3847,0,3847,3847,0,3847,3847,0,3847,3847,0,3847,3847,0,3847,3847,0,3847,3847,0,3847,3847,0
648,4001,3838,162,4090,3838,251,3844,3838,5,3920,3838,81,4006,3838,167,3841,3838,2,4082,3838,243,3838,3838,0,3846,3838,7,3838,3838,0,3838,3838,0,3838,3838,0
649,3862,3862,0,3862,3862,0,3862,3862,0,3862,3862,0,3862,3862,0,3862,3862,0,3862,3862,0,3862,3862,0,3862,3862,0,3862,3862,0,3862,3862,0,3862,3862,0
650,5338,3847,1490,6083,3847,2235,3847,3847,0,4592,3847,745,5338,3847,1490,3847,3847,0,6083,3847,2235,3847,3847,0,3847,3847,0,3847,3847,0,3847,3847,0,3847,3847,0
651,3857,3857,0,3857,3857,0,3857,3857,0,3857,3857,0,3857,3857,0,3857,3857,0,3857,3857,0,3857,3857,0,3857,3857,0,3857,3857,0,3857,3857,0,3857,3857,0
652,4037,3838,198,4431,3838,593,4035,3838,196,3937,3838,99,4234,3838,395,3936,3838,98,4136,3838,298,3838,3838,0,4133,3838,294,3838,3838,0,3838,3838,0,3838,3838,0
653,3870,3870,0,3870,3870,0,3870,3870,0,3870,3870,0,3870,3870,0,3870,3870,0,3870,3870,0,3870,3870,0,3870,3870,0,3870,3870,0,3870,3870,0,3870,3870,0
654,3856,3856,0,3856,3856,0,3856,3856,0,3856,3856,0,3856,3856,0,3856,3856,0,3856,3856,0,3856,3856,0,3856,3856,0,3856,3856,0,3856,3856,0,3856,3856,0
655,3856,3856,0,3856,3856,0,3856,3856,0,3856,3856,0,3856,3856,0,3856,3856,0,3856,3856,0,3856,3856,0,3856,3856,0,3856,3856,0,3856,3856,0,3856,3856,0
656,4475,3844,630,4790,3844,945,3844,3844,0,4159,3844,315,4475,3844,630,3844,3844,0,4790,3844,945,3844,3844,0,3844,3844,0,3844,3844,0,3844,3844,0,3844,3844,0
657,3859,3859,0,3859,3859,0,3859,3859,0,3859,3859,0,3859,3859,0,3859,3859,0,3859,3859,0,3859,3859,0,3859,3859,0,3859,3859,0,3859,3859,0,3859,3859,0
658,3849,3829,19,3858,3829,29,3829,3829,0,3839,3829,9,3849,3829,19,3829,3829,0,4127,3829,297,4232,3829,402,3829,3829,0,3963,3829,134,4098,3829,268,3829,3829,0
659,3857,3857,0,3857,3857,0,3857,3857,0,3857,3857,0,3857,3857,0,3857,3857,0,3857,3857,0,3857,3857,0,3857,3857,0,3857,3857,0,3857,3857,0,3857,3857,0
660,3896,3862,33,3912,3862,49,3862,3862,0,3879,3862,16,3896,3862,33,3862,3862,0,3912,3862,49,3862,3862,0,3862,3862,0,3862,3862,0,3862,3862,0,3862,3862,0
661,3857,3857,0,3857,3857,0,3857,3857,0,3857,3857,0,3857,3857,0,3857,3857,0,3857,3857,0,3857,3857,0,3857,3857,0,3857,3857,0,3857,3857,0,3857,3857,0
662,3881,3881,0,3881,3881,0,3881,3881,0,3881,3881,0,3881,3881,0,3881,3881,0,3881,3881,0,3881,3881,0,3881,3881,0,3881,3881,0,3881,3881,0,3881,3881,0
663,3857,3857,0,3857,3857,0,3857,3857,0,3857,3857,0,3857,3857,0,3857,3857,0,3857,3857,0,3857,3857,0,3857,3857,0,3857,3857,0,3857,3857,0,3857,3857,0
664,6950,3822,3127,8513,3822,4690,3822,3822,0,5386,3822,1563,6950,3822,3127,3822,3822,0,8513,3822,4690,3822,3822,0,3822,3822,0,3822,3822,0,3822,3822,0,3822,3822,0
665,3853,3853,0,3853,3853,0,3853,3853,0,3853,3853,0,3853,3853,0,3853,3853,0,3853,3853,0,3853,3853,0,3853,3853,0,3853,3853,0,3853,3853,0,3853,3853,0
666,3856,3856,0,3856,3856,0,3856,3856,0,3856,3856,0,3856,3856,0,3856,3856,0,3856,3856,0,3856,3856,0,3856,3856,0,3856,3856,0,3856,3856,0,3856,3856,0
667,3853,3853,0,3853,3853,0,3853,3853,0,3853,3853,0,3853,3853,0,3853,3853,0,3853,3853,0,3853,3853,0,3853,3853,0,3853,3853,0,3853,3853,0,3853,3853,0
668,6511,3832,2678,7850,3832,4017,3832,3832,0,5172,3832,1339,6511,3832,2678,3832,3832,0,7850,3832,4017,3832,3832,0,3832,3832,0,3832,3832,0,3832,3832,0,3832,3832,0
669,3866,3866,0,3866,3866,0,3866,3866,0,3866,3866,0,3866,3866,0,3866,3866,0,3866,3866,0,3866,3866,0,3866,3866,0,3866,3866,0,3866,3866,0,3866,3866,0
670,3894,3847,47,3918,3847,70,3847,3847,0,3871,3847,23,3894,3847,47,3847,3847,0,3918,3847,70,3847,3847,0,3847,3847,0,3847,3847,0,3847,3847,0,3847,3847,0
671,3860,3860,0,3860,3860,0,3860,3860,0,3860,3860,0,3860,3860,0,3860,3860,0,3860,3860,0,3860,3860,0,3860,3860,0,3860,3860,0,3860,3860,0,3860,3860,0
672,6596,3848,2747,7969,3848,4121,3848,3848,0,5222,3848,1373,6596,3848,2747,3848,3848,0,7969,3848,4121,3848,3848,0,3848,3848,0,3848,3848,0,3848,3848,0,3848,3848,0
673,3881,3881,0,3881,3881,0,3881,3881,0,3881,3881,0,3881,3881,0,3881,3881,0,3881,3881,0,3881,3881,0,3881,3881,0,3881,3881,0,3881,3881,0,3881,3881,0
674,3897,3897,0,3897,3897,0,3897,3897,0,3897,3897,0,3897,3897,0,3897,3897,0,3897,3897,0,3897,3897,0,3897,3897,0,3897,3897,0,3897,3897,0,3897,3897,0
675,3881,3881,0,3881,3881,0,3881,3881,0,3881,3881,0,3881,3881,0,3881,3881,0,3881,3881,0,3881,3881,0,3881,3881,0,3881,3881,0,3881,3881,0,3881,3881,0
676,3883,3864,19,3893,3864,29,3864,3864,0,3874,3864,9,3883,3864,19,3864,3864,0,3893,3864,29,3864,3864,0,3864,3864,0,3864,3864,0,3864,3864,0,3864,3864,0
677,3875,3875,0,3875,3875,0,3875,3875,0,3875,3875,0,3875,3875,0,3875,3875,0,3875,3875,0,3875,3875,0,3875,3875,0,3875,3875,0,3875,3875,0,3875,3875,0
678,3858,3848,9,3863,3848,14,3848,3848,0,3853,3848,4,3858,3848,9,3848,3848,0,3863,3848,14,3848,3848,0,3848,3848,0,3848,3848,0,3848,3848,0,3848,3848,0
679,3858,3848,9,3863,3848,14,3848,3848,0,3853,3848,4,3858,3848,9,3848,3848,0,3863,3848,14,3848,3848,0,3848,3848,0,3848,3848,0,3848,3848,0,3848,3848,0
680,4855,3849,1006,5359,3849,1510,3849,3849,0,4352,3849,503,4855,3849,1006,3849,3849,0,5359,3849,1510,3849,3849,0,3849,3849,0,3849,3849,0,3849,3849,0,3849,3849,0
681,3858,3848,9,3863,3848,14,3848,3848,0,3853,3848,4,3858,3848,9,3848,3848,0,3863,3848,14,3848,3848,0,3848,3848,0,3848,3848,0,3848,3848,0,3848,3848,0
682,7036,3833,3202,8637,3833,4804,3833,3833,0,5435,3833,1601,7036,3833,3202,3833,3833,0,8637,3833,4804,3833,3833,0,3833,3833,0,3833,3833,0,3833,3833,0,3833,3833,0
683,3858,3858,0,3859,3858,0,3858,3858,0,3858,3858,0,3858,3858,0,3858,3858,0,3859,3858,0,3858,3858,0,3858,3858,0,3858,3858,0,3858,3858,0,3858,3858,0
684,11599,3826,7772,15486,3826,11659,3826,3826,0,7713,3826,3886,11599,3826,7772,3826,3826,0,15486,3826,11659,3826,3826,0,3826,3826,0,3826,3826,0,3826,3826,0,3826,3826,0
685,3874,3874,0,3874,3874,0,3874,3874,0,3874,3874,0,3874,3874,0,3874,3874,0,3874,3874,0,3874,3874,0,3874,3874,0,3874,3874,0,3874,3874,0,3874,3874,0
686,3899,3899,0,3899,3899,0,3899,3899,0,3899,3899,0,3899,3899,0,3899,3899,0,3899,3899,0,3899,3899,0,3899,3899,0,3899,3899,0,3899,3899,0,3899,3899,0
687,3874,3874,0,3874,3874,0,3874,3874,0,3874,3874,0,3874,3874,0,3874,3874,0,3874,3874,0,3874,3874,0,3874,3874,0,3874,3874,0,3874,3874,0,3874,3874,0
688,4087,3853,234,4204,3853,351,3853,3853,0,3970,3853,117,4087,3853,234,3853,3853,0,4204,3853,351,3853,3853,0,3853,3853,0,3853,3853,0,3853,3853,0,3853,3853,0
689,3875,3875,0,3875,3875,0,3875,3875,0,3875,3875,0,3875,3875,0,3875,3875,0,3875,3875,0,3875,3875,0,3875,3875,0,3875,3875,0,3875,3875,0,3875,3875,0
690,7537,3853,3683,9379,3853,5525,3853,3853,0,5695,3853,1841,7537,3853,3683,3853,3853,0,9379,3853,5525,3853,3853,0,3853,3853,0,3853,3853,0,3853,3853,0,3853,3853,0
691,3892,3892,0,3892,3892,0,3892,3892,0,3892,3892,0,3892,3892,0,3892,3892,0,3892,3892,0,3892,3892,0,3892,3892,0,3892,3892,0,3892,3892,0,3892,3892,0
692,4031,3907,124,4094,3907,186,3907,3907,0,3969,3907,62,4031,3907,124,3907,3907,0,4094,3907,186,3907,3907,0,3907,3907,0,3907,3907,0,3907,3907,0,3907,3907,0
693,3892,3892,0,3892,3892,0,3892,3892,0,3892,3892,0,3892,3892,0,3892,3892,0,3892,3892,0,3892,3892,0,3892,3892,0,3892,3892,0,3892,3892,0,3892,3892,0
694,6563,3834,2728,7928,3834,4093,3834,3834,0,5199,3834,1364,6563,3834,2728,3834,3834,0,7928,3834,4093,3834,3834,0,3834,3834,0,3834,3834,0,3834,3834,0,3834,3834,0
695,3877,3877,0,3877,3877,0,3877,3877,0,3877,3877,0,3877,3877,0,3877,3877,0,3877,3877,0,3877,3877,0,3877,3877,0,3877,3877,0,3877,3877,0,3877,3877,0
696,3899,3873,26,3912,3873,39,3873,3873,0,3886,3873,13,3899,3873,26,3873,3873,0,3912,3873,39,3873,3873,0,3873,3873,0,3873,3873,0,3873,3873,0,3873,3873,0
697,3886,3886,0,3886,3886,0,3886,3886,0,3886,3886,0,3886,3886,0,3886,3886,0,3886,3886,0,3886,3886,0,3886,3886,0,3886,3886,0,3886,3886,0,3886,3886,0
698,4194,3842,351,4369,3842,526,3842,3842,0,4018,3842,175,4194,3842,351,3842,3842,0,4369,3842,526,3842,3842,0,3842,3842,0,3842,3842,0,3842,3842,0,3842,3842,0
699,3866,3863,2,3867,3863,3,3863,3863,0,3865,3863,1,3866,3863,2,3863,3863,0,3867,3863,3,3863,3863,0,3863,3863,0,3863,3863,0,3863,3863,0,3863,3863,0
700,3892,3862,30,3907,3862,45,3862,3862,0,3877,3862,15,3892,3862,30,3862,3862,0,3907,3862,45,3862,3862,0,3862,3862,0,3862,3862,0,3862,3862,0,3862,3862,0
701,3868,3863,5,3871,3863,7,3863,3863,0,3866,3863,2,3868,3863,5,3863,3863,0,3871,3863,7,3863,3863,0,3863,3863,0,3863,3863,0,3863,3863,0,3863,3863,0
702,3891,3891,0,3891,3891,0,3891,3891,0,3891,3891,0,3891,3891,0,3891,3891,0,3891,3891,0,3891,3891,0,3891,3891,0,3891,3891,0,3891,3891,0,3891,3891,0
703,3868,3863,5,3871,3863,7,3863,3863,0,3866,3863,2,3868,3863,5,3863,3863,0,3871,3863,7,3863,3863,0,3863,3863,0,3863,3863,0,3863,3863,0,3863,3863,0
704,3874,3874,0,3874,3874,0,3874,3874,0,3874,3874,0,3874,3874,0,3874,3874,0,3874,3874,0,3874,3874,0,3874,3874,0,3874,3874,0,3874,3874,0,3874,3874,0
705,3868,3863,5,3871,3863,7,3863,3863,0,3866,3863,2,3868,3863,5,3863,3863,0,3871,3863,7,3863,3863,0,3863,3863,0,3863,3863,0,3863,3863,0,3863,3863,0
706,3866,3857,8,3870,3857,13,3857,3857,0,3862,3857,4,3866,3857,8,3857,3857,0,3870,3857,13,3857,3857,0,3857,3857,0,3857,3857,0,3857,3857,0,3857,3857,0
707,3866,3857,8,3870,3857,13,3857,3857,0,3862,3857,4,3866,3857,8,3857,3857,0,3870,3857,13,3857,3857,0,3857,3857,0,3857,3857,0,3857,3857,0,3857,3857,0
708,3881,3880,0,3881,3880,0,3880,3880,0,3880,3880,0,3881,3880,0,3880,3880,0,3881,3880,0,3880,3880,0,3880,3880,0,3880,3880,0,3880,3880,0,3880,3880,0
709,3866,3857,8,3870,3857,13,3857,3857,0,3862,3857,4,3866,3857,8,3857,3857,0,3870,3857,13,3857,3857,0,3857,3857,0,3857,3857,0,3857,3857,0,3857,3857,0
710,3880,3880,0,3880,3880,0,3880,3880,0,3880,3880,0,3880,3880,0,3880,3880,0,3880,3880,0,3880,3880,0,3880,3880,0,3880,3880,0,3880,3880,0,3880,3880,0
711,3866,3857,8,3870,3857,13,3857,3857,0,3862,3857,4,3866,3857,8,3857,3857,0,3870,3857,13,3857,3857,0,3857,3857,0,3857,3857,0,3857,3857,0,3857,3857,0
712,3956,3849,106,4009,3849,160,3849,3849,0,3902,3849,53,3956,3849,106,3849,3849,0,4009,3849,160,3849,3849,0,3849,3849,0,3849,3849,0,3849,3849,0,3849,3849,0
713,3869,3860,9,3873,3860,13,3860,3860,0,3864,3860,4,3869,3860,9,3860,3860,0,3873,3860,13,3860,3860,0,3860,3860,0,3860,3860,0,3860,3860,0,3860,3860,0
714,3891,3865,25,3903,3865,38,3865,3865,0,3878,3865,12,3891,3865,25,3865,3865,0,3903,3865,38,3865,3865,0,3865,3865,0,3865,3865,0,3865,3865,0,3865,3865,0
715,3869,3860,9,3873,3860,13,3860,3860,0,3864,3860,4,3869,3860,9,3860,3860,0,3873,3860,13,3860,3860,0,3860,3860,0,3860,3860,0,3860,3860,0,3860,3860,0
716,3858,3858,0,3858,3858,0,3858,3858,0,3858,3858,0,3858,3858,0,3858,3858,0,3858,3858,0,3858,3858,0,3858,3858,0,3858,3858,0,3858,3858,0,3858,3858,0
717,3858,3858,0,3858,3858,0,3858,3858,0,3858,3858,0,3858,3858,0,3858,3858,0,3858,3858,0,3858,3858,0,3858,3858,0,3858,3858,0,3858,3858,0,3858,3858,0
718,12327,3806,8521,16588,3806,12782,3806,3806,0,8066,3806,4260,12327,3806,8521,3806,3806,0,16588,3806,12782,3806,3806,0,3806,3806,0,3806,3806,0,3806,3806,0,3806,3806,0
719,3852,3852,0,3852,3852,0,3852,3852,0,3852,3852,0,3852,3852,0,3852,3852,0,3852,3852,0,3852,3852,0,3852,3852,0,3852,3852,0,3852,3852,0,3852,3852,0
720,3865,3865,0,3865,3865,0,3865,3865,0,3865,3865,0,3865,3865,0,3865,3865,0,3865,3865,0,3865,3865,0,3865,3865,0,3865,3865,0,3865,3865,0,3865,3865,0
721,3852,3852,0,3852,3852,0,3852,3852,0,3852,3852,0,3852,3852,0,3852,3852,0,3852,3852,0,3852,3852,0,3852,3852,0,3852,3852,0,3852,3852,0,3852,3852,0
722,3878,3878,0,3878,3878,0,3878,3878,0,3878,3878,0,3878,3878,0,3878,3878,0,3878,3878,0,3878,3878,0,3878,3878,0,3878,3878,0,3878,3878,0,3878,3878,0
723,3852,3852,0,3852,3852,0,3852,3852,0,3852,3852,0,3852,3852,0,3852,3852,0,3852,3852,0,3852,3852,0,3852,3852,0,3852,3852,0,3852,3852,0,3852,3852,0
724,3963,3838,125,4026,3838,188,3838,3838,0,3901,3838,62,3963,3838,125,3838,3838,0,4026,3838,188,3838,3838,0,3838,3838,0,3838,3838,0,3838,3838,0,3838,3838,0
725,3853,3849,3,3855,3849,5,3849,3849,0,3851,3849,1,3853,3849,3,3849,3849,0,3855,3849,5,3849,3849,0,3849,3849,0,3849,3849,0,3849,3849,0,3849,3849,0
726,3866,3866,0,3866,3866,0,3866,3866,0,3866,3866,0,3866,3866,0,3866,3866,0,3866,3866,0,3866,3866,0,3866,3866,0,3866,3866,0,3866,3866,0,3866,3866,0
727,3853,3849,3,3855,3849,5,3849,3849,0,3851,3849,1,3853,3849,3,3849,3849,0,3855,3849,5,3849,3849,0,3849,3849,0,3849,3849,0,3849,3849,0,3849,3849,0
728,3855,3855,0,3855,3855,0,3855,3855,0,3855,3855,0,3855,3855,0,3855,3855,0,3855,3855,0,3855,3855,0,3855,3855,0,3855,3855,0,3855,3855,0,3855,3855,0
729,3853,3849,3,3855,3849,5,3849,3849,0,3851,3849,1,3853,3849,3,3849,3849,0,3855,3849,5,3849,3849,0,3849,3849,0,3849,3849,0,3849,3849,0,3849,3849,0
730,3867,3867,0,3867,3867,0,3867,3867,0,3867,3867,0,3867,3867,0,3867,3867,0,3867,3867,0,3867,3867,0,3867,3867,0,3867,3867,0,3867,3867,0,3867,3867,0
731,3853,3849,3,3855,3849,5,3849,3849,0,3851,3849,1,3853,3849,3,3849,3849,0,3855,3849,5,3849,3849,0,3849,3849,0,3849,3849,0,3849,3849,0,3849,3849,0
732,6766,3837,2928,8230,3837,4393,3837,3837,0,5301,3837,1464,6766,3837,2928,3837,3837,0,8230,3837,4393,3837,3837,0,3837,3837,0,3837,3837,0,3837,3837,0,3837,3837,0
733,3861,3860,1,3862,3860,1,3860,3860,0,3861,3860,0,3861,3860,1,3860,3860,0,3862,3860,1,3860,3860,0,3860,3860,0,3860,3860,0,3860,3860,0,3860,3860,0
734,3859,3846,13,3866,3846,19,3846,3846,0,3853,3846,6,3859,3846,13,3846,3846,0,3866,3846,19,3846,3846,0,3846,3846,0,3846,3846,0,3846,3846,0,3846,3846,0
735,3856,3856,0,3856,3856,0,3856,3856,0,3856,3856,0,3856,3856,0,3856,3856,0,3856,3856,0,3856,3856,0,3856,3856,0,3856,3856,0,3856,3856,0,3856,3856,0
736,3945,3858,86,3988,3858,130,3858,3858,0,3901,3858,43,3945,3858,86,3858,3858,0,3988,3858,130,3858,3858,0,3858,3858,0,3858,3858,0,3858,3858,0,3858,3858,0
737,3856,3856,0,3856,3856,0,3856,3856,0,3856,3856,0,3856,3856,0,3856,3856,0,3856,3856,0,3856,3856,0,3856,3856,0,3856,3856,0,3856,3856,0,3856,3856,0
738,3872,3872,0,3872,3872,0,3872,3872,0,3872,3872,0,3872,3872,0,3872,3872,0,3872,3872,0,3872,3872,0,3872,3872,0,3872,3872,0,3872,3872,0,3872,3872,0
739,3856,3856,0,3856,3856,0,3856,3856,0,3856,3856,0,3856,3856,0,3856,3856,0,3856,3856,0,3856,3856,0,3856,3856,0,3856,3856,0,3856,3856,0,3856,3856,0
740,4107,3846,260,4238,3846,391,3846,3846,0,3977,3846,130,4107,3846,260,3846,3846,0,4238,3846,391,3846,3846,0,3846,3846,0,3846,3846,0,3846,3846,0,3846,3846,0
741,3867,3867,0,3867,3867,0,3867,3867,0,3867,3867,0,3867,3867,0,3867,3867,0,3867,3867,0,3867,3867,0,3867,3867,0,3867,3867,0,3867,3867,0,3867,3867,0
742,7324,3825,3498,9073,3825,5248,3825,3825,0,5574,3825,1749,7324,3825,3498,3825,3825,0,9073,3825,5248,3825,3825,0,3825,3825,0,3825,3825,0,3825,3825,0,3825,3825,0
743,3854,3854,0,3854,3854,0,3854,3854,0,3854,3854,0,3854,3854,0,3854,3854,0,3854,3854,0,3854,3854,0,3854,3854,0,3854,3854,0,3854,3854,0,3854,3854,0
744,3869,3869,0,3869,3869,0,3869,3869,0,3869,3869,0,3869,3869,0,3869,3869,0,3869,3869,0,3869,3869,0,3869,3869,0,3869,3869,0,3869,3869,0,3869,3869,0
745,3854,3854,0,3854,3854,0,3854,3854,0,3854,3854,0,3854,3854,0,3854,3854,0,3854,3854,0,3854,3854,0,3854,3854,0,3854,3854,0,3854,3854,0,3854,3854,0
746,3867,3855,12,3873,3855,18,3855,3855,0,3861,3855,6,3867,3855,12,3855,3855,0,3873,3855,18,3855,3855,0,3855,3855,0,3855,3855,0,3855,3855,0,3855,3855,0
747,3854,3854,0,3854,3854,0,3854,3854,0,3854,3854,0,3854,3854,0,3854,3854,0,3854,3854,0,3854,3854,0,3854,3854,0,3854,3854,0,3854,3854,0,3854,3854,0
748,3848,3848,0,3848,3848,0,3848,3848,0,3848,3848,0,3848,3848,0,3848,3848,0,3848,3848,0,3848,3848,0,3848,3848,0,3848,3848,0,3848,3848,0,3848,3848,0
749,3848,3848,0,3848,3848,0,3848,3848,0,3848,3848,0,3848,3848,0,3848,3848,0,3848,3848,0,3848,3848,0,3848,3848,0,3848,3848,0,3848,3848,0,3848,3848,0
750,7416,3812,3603,9218,3812,5405,3812,3812,0,5614,3812,1801,7416,3812,3603,3812,3812,0,9218,3812,5405,3812,3812,0,3812,3812,0,3812,3812,0,3812,3812,0,3812,3812,0
751,3842,3842,0,3842,3842,0,3842,3842,0,3842,3842,0,3842,3842,0,3842,3842,0,3842,3842,0,3842,3842,0,3842,3842,0,3842,3842,0,3842,3842,0,3842,3842,0
752,4924,3814,1110,5540,3814,1726,3855,3814,40,4369,3814,555,4965,3814,1151,3834,3814,20,5479,3814,1665,3814,3814,0,3875,3814,61,3814,3814,0,3814,3814,0,3814,3814,0
753,3830,3829,1,3831,3829,2,3829,3829,0,3830,3829,0,3830,3829,1,3829,3829,0,3831,3829,2,3829,3829,0,3829,3829,0,3829,3829,0,3829,3829,0,3829,3829,0
754,3831,3831,0,3831,3831,0,3831,3831,0,3831,3831,0,3831,3831,0,3831,3831,0,3831,3831,0,3831,3831,0,3831,3831,0,3831,3831,0,3831,3831,0,3831,3831,0
755,3835,3835,0,3835,3835,0,3835,3835,0,3835,3835,0,3835,3835,0,3835,3835,0,3835,3835,0,3835,3835,0,3835,3835,0,3835,3835,0,3835,3835,0,3835,3835,0
756,4056,3840,216,4164,3840,324,3840,3840,0,3948,3840,108,4056,3840,216,3840,3840,0,4164,3840,324,3840,3840,0,3840,3840,0,3840,3840,0,3840,3840,0,3840,3840,0
757,3835,3835,0,3835,3835,0,3835,3835,0,3835,3835,0,3835,3835,0,3835,3835,0,3835,3835,0,3835,3835,0,3835,3835,0,3835,3835,0,3835,3835,0,3835,3835,0
758,4654,3835,818,5064,3835,1228,3835,3835,0,4245,3835,409,4654,3835,818,3835,3835,0,5064,3835,1228,3835,3835,0,3835,3835,0,3835,3835,0,3835,3835,0,3835,3835,0
759,3862,3862,0,3862,3862,0,3862,3862,0,3862,3862,0,3862,3862,0,3862,3862,0,3862,3862,0,3862,3862,0,3862,3862,0,3862,3862,0,3862,3862,0,3862,3862,0
760,3875,3875,0,3875,3875,0,3875,3875,0,3875,3875,0,3875,3875,0,3875,3875,0,3875,3875,0,3875,3875,0,3875,3875,0,3875,3875,0,3875,3875,0,3875,3875,0
761,3862,3862,0,3862,3862,0,3862,3862,0,3862,3862,0,3862,3862,0,3862,3862,0,3862,3862,0,3862,3862,0,3862,3862,0,3862,3862,0,3862,3862,0,3862,3862,0
762,3855,3855,0,3855,3855,0,3855,3855,0,3855,3855,0,3855,3855,0,3855,3855,0,3855,3855,0,3855,3855,0,3855,3855,0,3855,3855,0,3855,3855,0,3855,3855,0
763,3855,3855,0,3855,3855,0,3855,3855,0,3855,3855,0,3855,3855,0,3855,3855,0,3855,3855,0,3855,3855,0,3855,3855,0,3855,3855,0,3855,3855,0,3855,3855,0
764,10703,3837,6866,14136,3837,10299,3837,3837,0,7270,3837,3433,10703,3837,6866,3837,3837,0,14136,3837,10299,3837,3837,0,3837,3837,0,3837,3837,0,3837,3837,0,3837,3837,0
765,3879,3879,0,3879,3879,0,3879,3879,0,3879,3879,0,3879,3879,0,3879,3879,0,3879,3879,0,3879,3879,0,3879,3879,0,3879,3879,0,3879,3879,0,3879,3879,0
766,3870,3870,0,3870,3870,0,3870,3870,0,3870,3870,0,3870,3870,0,3870,3870,0,3870,3870,0,3870,3870,0,3870,3870,0,3870,3870,0,3870,3870,0,3870,3870,0
767,3870,3870,0,3870,3870,0,3870,3870,0,3870,3870,0,3870,3870,0,3870,3870,0,3870,3870,0,3870,3870,0,3870,3870,0,3870,3870,0,3870,3870,0,3870,3870,0
768,3873,3873,0,3873,3873,0,3873,3873,0,3873,3873,0,3873,3873,0,3873,3873,0,3873,3873,0,3873,3873,0,3873,3873,0,3873,3873,0,3873,3873,0,3873,3873,0
769,3870,3870,0,3870,3870,0,3870,3870,0,3870,3870,0,3870,3870,0,3870,3870,0,3870,3870,0,3870,3870,0,3870,3870,0,3870,3870,0,3870,3870,0,3870,3870,0
770,6066,3866,2199,7166,3866,3299,3866,3866,0,4966,3866,1099,6066,3866,2199,3866,3866,0,7166,3866,3299,3866,3866,0,3866,3866,0,3866,3866,0,3866,3866,0,3866,3866,0
771,3892,3892,0,3892,3892,0,3892,3892,0,3892,3892,0,3892,3892,0,3892,3892,0,3892,3892,0,3892,3892,0,3892,3892,0,3892,3892,0,3892,3892,0,3892,3892,0
772,3901,3901,0,3901,3901,0,3901,3901,0,3901,3901,0,3901,3901,0,3901,3901,0,3901,3901,0,3901,3901,0,3901,3901,0,3901,3901,0,3901,3901,0,3901,3901,0
773,3892,3892,0,3892,3892,0,3892,3892,0,3892,3892,0,3892,3892,0,3892,3892,0,3892,3892,0,3892,3892,0,3892,3892,0,3892,3892,0,3892,3892,0,3892,3892,0
774,3870,3869,1,3873,3869,4,3871,3869,2,3869,3869,0,3872,3869,3,3870,3869,1,3870,3869,1,3869,3869,0,3872,3869,3,3869,3869,0,3869,3869,0,3869,3869,0
775,3870,3869,1,3873,3869,4,3871,3869,2,3869,3869,0,3872,3869,3,3870,3869,1,3870,3869,1,3869,3869,0,3872,3869,3,3869,3869,0,3869,3869,0,3869,3869,0
776,3875,3874,1,3876,3874,2,3874,3874,0,3875,3874,0,3875,3874,1,3874,3874,0,3876,3874,2,3874,3874,0,3874,3874,0,3874,3874,0,3874,3874,0,3874,3874,0
777,3870,3869,1,3873,3869,4,3871,3869,2,3869,3869,0,3872,3869,3,3870,3869,1,3870,3869,1,3869,3869,0,3872,3869,3,3869,3869,0,3869,3869,0,3869,3869,0
778,3865,3865,0,3865,3865,0,3865,3865,0,3865,3865,0,3865,3865,0,3865,3865,0,3865,3865,0,3865,3865,0,3865,3865,0,3865,3865,0,3865,3865,0,3865,3865,0
779,3865,3865,0,3865,3865,0,3865,3865,0,3865,3865,0,3865,3865,0,3865,3865,0,3865,3865,0,3865,3865,0,3865,3865,0,3865,3865,0,3865,3865,0,3865,3865,0
780,4453,3829,623,7864,3829,4034,5895,3829,2066,4141,3829,311,6519,3829,2689,4862,3829,1033,4764,3829,935,3829,3829,0,6928,3829,3099,3829,3829,0,3829,3829,0,3829,3829,0
781,3870,3870,0,3870,3870,0,3870,3870,0,3870,3870,0,3870,3870,0,3870,3870,0,3870,3870,0,3870,3870,0,3870,3870,0,3870,3870,0,3870,3870,0,3870,3870,0
782,9298,3833,5465,13470,3833,9637,4792,3833,959,6565,3833,2732,10257,3833,6424,4312,3833,479,12031,3833,8198,3833,3833,0,5271,3833,1438,3833,3833,0,3833,3833,0,3833,3833,0
783,3883,3883,0,3883,3883,0,3883,3883,0,3883,3883,0,3883,3883,0,3883,3883,0,3883,3883,0,3883,3883,0,3883,3883,0,3883,3883,0,3883,3883,0,3883,3883,0
784,5963,3884,2078,7002,3884,3117,3884,3884,0,4923,3884,1039,5963,3884,2078,3884,3884,0,7002,3884,3117,3884,3884,0,3884,3884,0,3884,3884,0,3884,3884,0,3884,3884,0
785,3883,3883,0,3883,3883,0,3883,3883,0,3883,3883,0,3883,3883,0,3883,3883,0,3883,3883,0,3883,3883,0,3883,3883,0,3883,3883,0,3883,3883,0,3883,3883,0
786,8528,3826,4702,12748,3826,8922,5072,3826,1246,6177,3826,2351,9774,3826,5948,4449,3826,623,10879,3826,7053,3826,3826,0,5695,3826,1869,3826,3826,0,3826,3826,0,3826,3826,0
787,3878,3878,0,3878,3878,0,3878,3878,0,3878,3878,0,3878,3878,0,3878,3878,0,3878,3878,0,3878,3878,0,3878,3878,0,3878,3878,0,3878,3878,0,3878,3878,0
788,3867,3860,7,4133,3860,273,4035,3860,175,3863,3860,3,4042,3860,182,3947,3860,87,3871,3860,10,3860,3860,0,4122,3860,262,3860,3860,0,3860,3860,0,3860,3860,0
789,3871,3871,0,3871,3871,0,3871,3871,0,3871,3871,0,3871,3871,0,3871,3871,0,3871,3871,0,3871,3871,0,3871,3871,0,3871,3871,0,3871,3871,0,3871,3871,0
790,4270,3877,392,4466,3877,589,3877,3877,0,4073,3877,196,4270,3877,392,3877,3877,0,4466,3877,589,3877,3877,0,3877,3877,0,3877,3877,0,3877,3877,0,3877,3877,0
791,3871,3871,0,3871,3871,0,3871,3871,0,3871,3871,0,3871,3871,0,3871,3871,0,3871,3871,0,3871,3871,0,3871,3871,0,3871,3871,0,3871,3871,0,3871,3871,0
792,8223,3848,4375,11302,3848,7454,4442,3848,594,6035,3848,2187,8817,3848,4969,4145,3848,297,10411,3848,6563,3848,3848,0,4739,3848,891,3848,3848,0,3848,3848,0,3848,3848,0
793,3884,3884,0,3884,3884,0,3884,3884,0,3884,3884,0,3884,3884,0,3884,3884,0,3884,3884,0,3884,3884,0,3884,3884,0,3884,3884,0,3884,3884,0,3884,3884,0
794,3877,3870,7,4325,3870,454,4166,3870,295,3874,3870,3,4173,3870,303,4018,3870,147,3881,3870,10,3870,3870,0,4314,3870,443,3870,3870,0,3870,3870,0,3870,3870,0
795,3885,3885,0,3885,3885,0,3885,3885,0,3885,3885,0,3885,3885,0,3885,3885,0,3885,3885,0,3885,3885,0,3885,3885,0,3885,3885,0,3885,3885,0,3885,3885,0
796,3899,3899,0,3899,3899,0,3899,3899,0,3899,3899,0,3899,3899,0,3899,3899,0,3899,3899,0,3899,3899,0,3899,3899,0,3899,3899,0,3899,3899,0,3899,3899,0
797,3885,3885,0,3885,3885,0,3885,3885,0,3885,3885,0,3885,3885,0,3885,3885,0,3885,3885,0,3885,3885,0,3885,3885,0,3885,3885,0,3885,3885,0,3885,3885,0
798,3872,3872,0,3872,3872,0,3872,3872,0,3872,3872,0,3872,3872,0,3872,3872,0,3872,3872,0,3872,3872,0,3872,3872,0,3872,3872,0,3872,3872,0,3872,3872,0
799,3872,3872,0,3872,3872,0,3872,3872,0,3872,3872,0,3872,3872,0,3872,3872,0,3872,3872,0,3872,3872,0,3872,3872,0,3872,3872,0,3872,3872,0,3872,3872,0
800,3868,3868,0,3868,3868,0,3868,3868,0,3868,3868,0,3868,3868,0,3868,3868,0,3868,3868,0,3868,3868,0,3868,3868,0,3868,3868,0,3868,3868,0,3868,3868,0
